lake_id,comp1,comp2,comp3,comp4,comp5
1150000822,12.9771185,13.333915,11.252511,11.680772,12.744029
1150001092,12.47093,13.453515,11.4263735,11.321114,12.901649
1150002502,13.903155,12.165911,13.094903,13.8356085,12.819844
1150002592,5.551127,6.717721,7.732575,5.8790584,7.5368123
1150003802,11.567145,12.592119,11.005948,10.378901,11.561116
1150004092,11.514077,11.341047,10.771642,11.756449,9.793297
1150005262,8.165541,7.88447,8.9256,8.300431,7.8256273
1150005972,6.6987586,8.656831,5.5138936,7.181457,6.754569
1150007303,2.8258595,2.0714674,1.977099,1.9957497,3.887934
1150008142,12.671785,12.638807,12.801474,14.5599785,13.750757
1160000282,4.632779,5.444371,5.89323,5.8692355,6.1921544
1170006442,3.3612714,4.7822266,4.358726,4.7961016,4.42962
1170013163,7.392113,7.7023983,8.377475,7.0639334,6.101
1170013972,3.374054,6.478258,5.522145,4.610513,4.3679247
1170014783,4.230797,5.4628024,4.9077663,6.692687,2.6270041
1220005463,3.2590177,3.0669436,3.69065,3.6537263,3.0338953
1220013612,8.906792,7.2885423,7.4337897,7.5579486,9.058692
1220053053,2.5338037,2.132757,2.1210225,2.259376,2.2329447
1220056833,2.9056883,4.0964484,3.4490235,3.6338177,2.4679034
1220056903,3.1620188,3.328813,3.602932,2.865181,3.585731
1230003032,0.007804592,0.016612422,0.0021203945,0.003913366,0.0059957947
1230009732,2.7685676,5.556925,4.2132535,4.698859,4.477922
1240009142,6.933186,7.1564937,7.091595,6.977121,6.717906
1240018052,0.049798638,0.13430192,0.04166214,0.014588024,0.051720224
1240019053,0.5422541,0.6110546,0.7032442,0.6811506,1.5216289
1250034252,6.5129037,4.111483,4.1193357,5.443182,3.9733274
1250051122,0.066701725,0.06547339,0.1381648,0.0675219,0.17521256
1270003322,13.878996,12.637599,8.855235,12.191983,11.750554
1270024123,9.038355,10.519402,9.313492,7.6990786,7.254737
1270028303,8.7782135,8.937345,6.85921,7.1107254,9.040988
1270040752,6.0652165,6.445935,7.854974,8.8956175,7.082496
1270041163,8.458826,8.092251,7.5203815,9.913849,8.843671
1270045763,11.541056,9.705954,11.185196,10.868652,10.677931
1270054173,11.188985,10.115064,8.583788,12.089583,9.715096
1310000402,10.526733,11.386492,11.853214,10.6255245,10.658665
1310005562,0.043687608,0.05834924,0.07867606,0.058760803,0.10580512
1320012743,2.3078368,1.3299599,3.0477858,1.8200364,1.7144822
1320015733,2.102396,2.2130802,1.9553697,2.1666315,1.7982051
1320015883,2.1965165,2.0745156,2.472001,1.3362646,2.322261
1320018042,7.5508823,8.576293,7.6354804,8.135195,8.720422
1320022222,8.058433,8.102924,7.6478157,7.2931,5.8027463
1320023692,6.718302,7.3117695,6.5664406,6.1084723,5.8981366
1320023702,6.640183,6.4440894,6.5976205,6.153985,6.642311
1320026362,6.0508223,6.7576923,5.9349685,7.323009,6.238767
1320028172,7.349647,7.8041368,8.775704,7.637473,7.6707397
1320029763,2.6807315,4.8921065,4.933426,3.2960658,3.8602848
1320030072,3.9298902,3.977159,3.9140472,4.3663435,3.5524063
1320031272,3.9294755,4.581576,3.3311796,2.8323884,5.2171926
1320031292,3.4681973,4.019818,3.2286296,4.485851,4.743292
1320035402,8.664295,8.5882845,7.3726187,7.8441496,8.177193
1320035532,9.86699,10.383881,10.550915,10.4618,9.701733
1320036032,6.8391237,6.5440245,5.991491,6.419631,6.476161
1320036142,5.579254,4.947366,5.0121384,5.84804,5.507004
1320037342,3.213211,4.2894025,3.815908,3.1638322,5.0866623
1320038493,3.4635189,3.9736056,3.973749,3.0940182,5.15077
1320040872,2.715709,1.8043281,1.8464911,3.5435798,1.062126
1330006212,0.0775956,0.058847643,0.03101389,0.021122921,0.015578998
1330007723,0.10051331,0.053496875,0.08771863,0.055397734,0.028855123
1330010923,8.129456,5.9383,9.792572,8.402979,7.7854905
1330014893,5.5090156,5.331916,6.0612574,6.6439333,5.784112
1330015103,5.6636868,4.6332664,5.1582065,4.5379963,4.839192
1420040083,0.53892696,0.31942388,0.76166975,0.7326021,1.1825571
1420043703,0.947471,2.5217674,1.1446129,0.9448138,1.7812362
1420045233,1.4896388,0.9274166,1.2002056,1.2679431,1.0465028
1420049113,2.4675167,2.4564536,1.6796508,2.8829794,2.107585
1430002253,0.41058794,0.21092167,0.48313457,0.4573629,0.47280926
1430002872,0.0027590105,0.0021071504,0.0061000516,0.0036641057,0.0034423969
1430004273,1.7096894,0.8944185,0.39678702,1.302177,0.48726442
1430004323,0.0019356086,0.0016774066,0.008851883,0.0024844324,0.0040929527
1440001863,0.6464146,0.52596337,0.4541715,0.43106484,0.7194746
1440005913,0.7729864,1.9237963,0.91546714,2.23953,2.2394776
1440011113,1.2755376,1.3484738,1.3808985,2.0439177,2.739491
1450003703,0.99574375,1.2623855,1.1655514,1.7105107,1.328407
1450007622,0.49442628,0.46365872,0.50077194,0.945189,0.610328
1450009543,1.3553512,1.2919023,1.375541,1.2718399,1.4695016
1450009923,0.0029654824,0.0014289602,0.0009955433,0.0001588724,0.0052968278
1450011142,0.0059160143,0.024891742,0.005429158,0.007638319,0.019446809
1450012863,2.6191525,1.9485085,2.459118,2.289575,2.653294
1450014203,0.0021304914,0.0025028265,0.0026516733,0.0008452247,0.0015649305
1460002782,0.2725156,0.16303368,0.104929626,0.47926304,0.13057074
1460009393,1.695625,0.80024153,0.7603291,2.1481407,1.6327245
1510001923,6.153865,8.744653,8.029169,8.535212,6.7162795
1510006093,1.7424875,1.9001095,1.1365532,1.3388207,1.1329191
1510006393,0.28028458,0.23619102,0.4582006,0.7482369,0.27417603
1530011512,1.4446372,0.32231352,0.60812175,0.47671968,0.9977976
1620001552,2.516281,3.3129652,2.4256997,3.8162642,1.4398496
1620004522,1.9657005,2.2825792,2.6437922,1.8591579,2.1280286
1620008282,1.990755,2.3746507,2.3169093,1.1609728,2.1994412
1620023612,0.9921701,1.1374707,1.8839848,3.5653462,2.1903377
1620031802,2.9885125,0.9540647,0.9098329,3.146939,1.7797661
1620032342,1.5051169,2.5613766,2.1238642,1.2543103,2.326554
1620034183,1.3713412,1.6952639,1.4894106,2.614792,2.6231515
1620063302,2.7797947,1.5481719,0.99489325,2.7084122,1.463211
1720000552,9.321268,8.106845,8.983323,8.2069435,8.4425335
1720001282,8.67173,8.647357,8.548498,7.9427967,8.921915
1720001342,8.523534,8.605067,9.649251,6.9162917,9.840942
1720003902,8.759588,9.829538,9.504968,9.700339,9.198473
1720003932,14.448145,13.822691,13.789943,12.746549,13.051476
1720004142,13.723971,12.639532,13.227587,12.4843445,12.800379
1720004172,7.6855216,8.834121,8.293397,6.45783,8.451044
1720004433,8.002456,7.7841625,8.107361,7.904083,7.817869
1720004453,6.360667,6.111349,7.148931,5.6696844,6.6304626
1720007172,7.9569325,7.0552163,6.601308,6.949551,7.5313945
1720008692,7.584295,8.335422,7.066387,8.962774,8.637045
1720009413,7.0339336,5.620076,7.2468343,6.1618395,5.87734
1720010272,7.0271673,6.8116837,7.7037525,7.536912,6.984004
1720010283,4.1806893,4.0472417,4.271717,4.7555494,4.4738297
1720033122,2.1940365,3.4421551,3.5852315,3.4538376,1.3233588
1720041492,15.580854,15.187728,16.74616,15.14871,14.954182
1720041532,14.559318,15.654042,16.550543,15.625483,15.060894
1720046943,13.334587,11.824521,13.02676,12.770168,11.380112
1720052653,1.3662124,2.3866003,1.7367337,2.6577222,1.9063299
1720053693,2.5116715,2.4506512,3.2525249,2.3482444,2.6766033
1720054503,2.921044,3.2654243,3.1190872,4.441533,3.2607589
1720056903,1.3203278,1.3899053,1.2689319,1.0627098,1.2192827
1810025102,0.0030250563,0.0225553,0.005452439,0.005584568,0.006531304
1810030972,8.326514,8.62286,8.934697,8.161562,8.51091
1810042913,4.6050205,4.310833,6.3329315,5.435602,5.5205407
1810079153,0.05404282,0.026626749,0.07876587,0.102975145,0.048753258
2110017972,5.2697277,6.9165077,5.519269,5.5545616,5.9829297
2110020813,2.6403651,1.1651351,1.7738571,0.906702,1.2427328
2110024562,0.79021174,0.33868608,0.5782449,0.77034974,0.41135967
2110026463,0.37401417,0.8278643,0.8033529,1.931667,1.0549624
2130000053,1.88856,2.0794263,1.3723052,2.4160206,1.9723151
2130000103,1.478792,1.6608899,2.4138954,1.9960672,1.5327222
2130000133,1.1397735,2.6997116,1.9579873,2.4522862,1.4073833
2130000363,0.05122669,0.033472408,0.04930362,0.017558746,0.017971223
2130002132,5.2377877,5.9304256,5.5861144,5.6315928,6.9879303
2130004282,6.3776045,4.9299006,5.486836,5.3230176,5.2189884
2130004742,0.07014713,0.07984655,0.12568422,0.15335271,0.11307965
2130012372,0.21932006,0.35017142,0.68602544,0.8849279,0.49384287
2130012773,1.4553827,1.0866283,2.4030273,1.4980139,1.2279094
2130026062,0.484203,0.5371196,0.97392607,0.3078078,0.11149204
2130026152,0.21430658,0.36399952,0.1378109,0.18998618,0.3159788
2140010663,0.3925702,0.69714665,0.68331194,0.22000045,0.25259286
2140010713,1.7540511,1.9270904,1.0423467,0.87430364,1.275917
2140010723,0.5870141,1.3546476,1.0979191,1.7693092,1.9234364
2140014592,1.1981778,0.76022357,2.1919231,1.6443249,0.6555287
2140016022,1.1049657,1.6928586,2.011293,1.8172884,2.7869585
2150005082,1.0533822,0.79499537,0.96017855,1.5253556,1.288374
2160009382,5.4075975,7.0663843,6.631757,4.700409,5.295175
2160009923,0.757362,0.63456655,1.0291104,1.0025542,0.58542943
2160046863,2.3015113,1.6370014,3.268165,2.817277,2.9329567
2210000352,6.1281157,6.75837,6.7968683,5.6823363,6.1728344
2220000093,0.19076431,0.26658502,0.1712021,0.30991632,0.10433629
2220014373,0.02297927,0.0044875555,0.007405151,0.009540257,0.005997195
2230005753,0.597669,0.2332827,0.64483243,1.3403336,0.66287595
2230021903,0.038543526,0.05975117,0.08182366,0.09724864,0.077037334
2230037623,0.054377228,0.07619533,0.080881774,0.12722823,0.082799874
2230043572,0.036093183,0.13954039,0.07818272,0.08094874,0.16165584
2230044463,0.20291114,0.19646047,0.26496497,0.25779068,0.22913332
2230062373,0.51049423,0.94735044,0.4034331,0.2594543,1.1211187
2230073093,0.4510562,0.8628752,0.81126475,0.84721917,0.79775774
2240011142,0.009855604,0.008019231,0.001604163,0.004062869,0.0045251157
2250031083,0.50772715,0.7786486,0.7440788,0.72700316,0.42711392
2250031093,0.5432463,0.45302236,0.5931726,0.6216328,0.57910043
2250061402,0.8510184,2.1453052,1.4152396,1.9888477,0.9546558
2250061733,0.5272166,0.87200415,0.65870297,0.64799094,0.86641824
2250085593,0.096606106,0.11578304,0.120589495,0.09807654,0.11626722
2250088883,0.31617025,0.30053836,0.3166146,0.44115537,0.41116148
2250088893,0.34943488,0.4429594,0.5011885,0.48725033,0.44701925
2260001413,0.83079123,0.8966534,0.8787492,0.7846626,0.7304638
2260031472,0.0028338637,0.011645929,0.0042479355,0.02543417,0.0031206456
2270004543,0.102363266,0.12573336,0.0711823,0.04104414,0.15258306
2270044463,0.9768173,1.5946262,1.7074145,0.58867025,1.0534339
2270044473,1.6102426,2.3680224,4.3882923,3.830809,2.5043647
2270060992,3.1279578,3.1630027,3.201554,3.5391893,5.0340548
2270067462,3.6749582,3.7507908,4.881349,4.7376432,4.880734
2270102272,0.784088,0.49924266,0.7474897,0.60420096,1.0062313
2270104842,1.2469926,0.6106863,0.7999958,0.5613884,0.711742
2270128153,0.47135988,0.59593713,0.43028888,0.9310319,0.6139274
2270139412,0.0030397917,0.0035964886,0.039252292,0.04677748,0.003960475
2270141422,0.0037664946,0.018850483,0.011834974,0.025317458,0.012446349
2280004602,0.0037618205,0.01292122,0.023038557,0.0032391495,0.013712489
2310000023,2.2291195,2.12331,2.1713378,3.4182713,2.3485255
2310000033,2.6651227,3.5587215,2.7221382,2.609541,2.5066118
2310000123,0.9441832,1.7238824,0.95285946,0.7146716,0.59009063
2310015232,2.2919242,1.4972022,2.2450123,2.3790057,0.5046204
2310020152,0.42254245,0.24559228,0.7231293,0.56611353,0.9139617
2310028243,6.63277,3.336751,4.5257673,5.84834,4.4049125
2310028273,4.835251,3.2724435,4.5848846,6.6031995,3.9504128
2310028773,1.0266657,1.121651,1.2707226,2.9080336,0.63372445
2320004122,0.186059,0.19732845,0.087214656,0.05994748,0.05305454
2320145113,3.3626342,1.7924176,3.4141295,3.7170315,2.6702328
2320145123,2.6599898,3.1774223,2.8277144,2.5604515,2.5481658
2320145143,2.3269389,3.514509,2.8593385,3.630374,2.7658432
2320145153,2.6383562,3.1000068,2.7784252,2.7741318,2.8452525
2320145163,4.1913366,4.5896196,3.8349388,1.9517771,4.861681
2320145183,2.5398898,3.0611687,3.5090013,2.6675892,3.177783
2320145942,2.076643,3.1267583,2.474169,3.9194891,2.9865565
2320146452,1.2597799,3.6804583,2.6143353,1.9287528,4.9140873
2320148232,3.671658,4.264118,4.5070295,3.1403303,4.059182
2320253402,6.599374,4.845559,6.0117464,3.9293282,3.8594837
2320269562,0.32673198,0.2666068,0.44088063,0.6506323,0.45936248
2330001913,0.052050617,0.06586289,0.04472454,0.059683245,0.034586918
2330041242,0.05159337,0.074515104,0.064146355,0.06991269,0.07493486
2330042812,2.6223166,2.3471687,2.515241,2.584883,2.3090594
2330047972,0.46806318,0.26139003,2.1448376,0.5836642,0.18493496
2330048832,0.09789493,0.065665305,0.1319452,0.09165062,0.13973686
2330055852,0.7678801,0.27923167,1.1393228,0.8523359,0.6549825
2340000023,0.2004405,0.21117121,0.13333324,0.34660208,0.16884577
2340009563,0.22066706,0.17033988,0.26581284,0.34498346,0.21643433
2340009603,0.059514493,0.029356532,0.034299687,0.04488455,0.02851468
2340009632,0.06479204,0.029562216,0.06967739,0.082422994,0.050239936
2340009652,0.07382964,0.16589975,0.0763565,0.15918508,0.09858967
2410001812,0.16525385,0.11275802,0.18979645,0.1765706,0.08156325
2420056132,0.001251589,0.0003569573,0.0011248484,0.0009232619,0.0010038958
2420056183,0.31908488,0.3610906,0.61732495,0.37474227,0.31268376
2420103152,0.9696926,0.63774943,0.82189286,0.56869483,0.4596641
2420109812,0.47410417,0.68708366,1.4040778,0.7948797,0.66838247
2420114672,0.8967521,0.5137737,0.6066156,1.5105634,0.5006737
2420124262,0.522246,0.89741516,1.0446187,0.843873,0.721111
2420124352,0.93534154,0.5135614,1.1168213,1.1068349,0.3481884
2420148343,0.23767026,0.18726897,0.35756984,0.44739583,0.28993136
2420169883,0.9264581,1.5055108,0.72644603,1.1869429,1.1771822
2420171232,0.6881815,1.012846,1.0701381,1.1887852,1.2547175
2420183212,0.6638114,1.6660941,0.90962654,1.8585874,0.65664786
2420190622,0.9418471,1.0602404,1.109757,1.2002206,0.9008137
2420198012,1.3810643,1.7102395,0.6021201,1.0845885,1.0088453
2420198232,1.3112631,2.1422253,0.28458294,0.9813276,0.4293926
2420200012,0.82728094,0.95738965,0.95420545,1.1444092,1.9927119
2420211152,1.2543449,0.45535508,0.9027787,0.7851071,1.1530876
2420211453,0.095362104,0.09023556,0.12340339,0.18165123,0.10353251
2420211463,0.32059675,0.15838458,0.3123083,0.17582105,0.12752077
2420211473,0.3606236,0.34055352,0.73946476,0.405465,0.6233872
2420211493,0.19269148,0.10768106,0.30975807,0.31305522,0.22406824
2420212722,0.29913163,0.5459045,0.88145745,1.2062365,0.28632265
2420216142,1.3808849,0.8093642,1.5453225,1.0375192,0.9249352
2420223932,0.14246482,0.3070718,0.1556074,0.2433477,0.1840694
2420224842,0.27439454,0.34259808,0.20073542,0.24642786,0.3173232
2420247492,0.34055227,0.7086367,0.2611762,0.4241175,0.54402393
2430002252,0.36043984,0.19823049,0.23732619,0.2381257,0.18184294
2430007562,0.6536936,0.13271603,0.22871503,0.31344178,0.24534516
2430013653,0.30722126,0.21069929,0.56049705,0.2717621,0.65807253
2430018852,0.52874863,0.46806392,0.3903104,0.83656883,0.79926205
2430022262,0.15360081,0.25969964,0.2497262,0.26357627,0.18070257
2430032542,0.45570663,0.30050957,0.42974764,1.7765316,0.88889885
2430032782,0.77622557,0.33580709,0.3698573,1.0402371,0.41296506
2430039872,0.5775384,0.6616367,0.60030127,0.8205391,0.27266443
2430040072,0.6515932,0.35517415,0.4540587,0.7561966,0.7196721
2430049102,0.2985037,0.4826225,0.6990463,0.49034417,0.8005315
2430049112,0.42938563,0.7588899,0.5073324,0.84942734,0.7796147
2430049822,0.5237721,0.4693979,0.858658,0.54635715,0.29148048
2430050912,0.35176632,0.64243686,0.597538,0.4869241,0.82568794
2430051262,0.32074648,0.32115355,0.57340497,0.9811903,0.4945244
2430051352,0.59510875,0.27791533,1.4979718,0.45861754,0.45555228
2430052952,0.501787,0.49842164,0.6459986,0.59983903,0.44293457
2430057462,0.5099858,0.6746748,0.5213123,0.31302086,0.60691524
2430057482,0.43107554,0.4237397,0.32038102,0.7473236,0.70409125
2430073032,0.8865902,0.6620635,0.5715694,0.42600298,0.31342587
2430082632,0.41759202,0.67607653,0.4442641,1.0920886,0.5900409
2430089002,0.5699711,0.80808437,0.60944426,0.59348595,0.72431856
2430089012,0.43625057,0.5141429,0.49657774,0.76523995,0.5162531
2430089022,0.3534333,1.1230972,0.39322644,0.2656401,0.7112631
2430090182,0.29376855,1.0567938,0.35789496,0.7057497,0.8927243
2430090663,0.23497981,0.6049757,0.3428435,0.46610677,0.63677144
2430092802,0.44014388,1.1155404,0.26682064,0.49413237,0.87140465
2430094883,0.09999886,0.1156953,0.12097485,0.15584937,0.14635482
2430096262,2.9125302,1.5035753,1.0964345,0.907286,0.94493043
2430107363,0.086444624,0.03966731,0.09818962,0.07841196,0.05065468
2430107373,0.0387633,0.107808076,0.039960206,0.07683596,0.05292153
2430109252,0.1336586,0.13035761,0.20044133,0.079539135,0.11143345
2430120303,0.03812063,0.037165985,0.060364824,0.06326856,0.07878501
2430120723,0.05443939,0.04807771,0.046893615,0.047866106,0.02638356
2430120922,0.14438556,0.07727609,0.056344666,0.06260636,0.16206045
2430120932,0.14932892,0.12687488,0.14189957,0.11796473,0.10374589
2430130682,0.3769396,0.7759342,0.5760993,0.48745197,0.56333816
2430132242,0.4932025,0.6549319,0.40624973,0.57092994,0.5273684
2430149483,0.019967154,0.036105122,0.029262172,0.041745834,0.031122066
2430149653,0.43637928,0.38800633,0.92608744,0.5418882,0.91143286
2430149783,0.88451576,0.47208774,0.5538267,1.0486491,0.17871961
2430149842,0.5831195,0.6218252,1.1438333,0.41785178,0.6907183
2430152152,0.9291745,0.7259048,0.85309994,1.2419088,1.177821
2430156432,0.71057254,2.0200543,0.80671084,0.8395089,0.9950837
2430156902,0.87023616,0.3105349,0.94729537,0.8461001,0.45318067
2430166882,0.30227864,0.2796229,0.44503075,0.28987575,1.1246018
2430175082,0.2709944,0.3881972,0.5314179,0.33413407,0.64008147
2430180142,0.8448436,0.9697641,1.0135753,0.73608994,1.0062826
2430182622,0.44177756,0.56738365,0.41491276,1.3106723,0.6154256
2430182692,0.6122522,0.47339028,0.56884426,0.76064914,0.9307833
2430185162,0.57875115,0.59056896,0.81931627,0.817975,0.61644274
2430186442,0.4685146,0.5478071,0.61972487,0.614475,0.60355014
2430190002,0.51165074,0.9189433,0.5811113,1.2212055,0.46504152
2430195222,0.68971,0.69734865,0.7101216,1.4051744,0.3822456
2430201522,0.3749665,0.65402967,0.47781426,0.55220306,0.90575093
2430215162,0.5870412,0.8684919,0.9271092,0.6599212,0.3702686
2430215172,0.75946444,0.6163011,1.1423532,0.5784109,0.41379648
2430215182,0.59318185,0.7496882,0.6444335,0.9903976,0.594133
2430215192,0.6683599,0.63956887,0.7865346,0.8639103,0.5154752
2430215202,0.45870215,0.4098618,0.9246912,0.4952592,1.0406337
2430215282,0.5186954,0.27438596,0.7177759,0.6894132,0.45123124
2430217572,0.6387652,0.81963515,0.8764987,1.0359786,0.8197131
2430217602,0.76139975,0.8601889,0.33104777,0.7075643,1.1278493
2430218272,0.25777042,0.5974305,0.8846656,0.8508034,0.8782192
2430219282,0.32533267,0.40457636,0.37560773,1.335902,0.37817094
2430219322,0.24261317,0.4435361,0.40686616,1.0654556,0.66313857
2430219873,1.1000159,0.7632499,1.0786487,0.96398914,0.78176254
2430219882,0.64283603,0.95684266,0.988557,1.151054,1.1380146
2430219902,0.38253298,0.28418618,0.74219954,0.69109565,0.896599
2430224112,0.30530244,1.6773723,0.75409025,0.5307009,0.6152442
2430227292,0.4424271,0.71275014,0.23164234,0.7239905,0.59553736
2430231332,0.75018036,0.4517912,0.62654746,0.81114423,1.2587174
2430231562,0.61528635,0.395432,0.392653,0.8483733,0.7092502
2430231573,0.9006654,0.75807,0.6766126,0.9178785,1.0367467
2430231583,0.58059204,1.24722,0.61425966,0.89295286,1.4618819
2430232482,1.0773901,0.81008315,0.787862,1.1138976,0.92718554
2430235743,1.0920238,1.1151209,0.8587939,0.99894226,1.086848
2430269672,1.1135763,1.057302,1.6334062,0.9664154,1.3863776
2430269732,1.3959212,1.5172489,1.1193401,1.2964808,0.8286755
2430269883,1.0436285,0.72523403,1.0781251,0.5291593,0.79454446
2430270323,0.6794497,0.45016113,2.4632452,1.6281346,1.0601813
2430276873,1.0531887,1.2006971,0.75163674,1.0785431,0.91106355
2430279392,0.80479383,0.41750294,0.73683375,0.80376834,0.28338706
2430281272,0.38359052,0.74061495,0.80182946,0.6152252,0.9779346
2430281712,0.19188806,0.7730498,0.29387453,0.87088096,0.6149043
2430281932,0.43137676,0.6283974,0.8053236,0.9130962,0.7423465
2430301672,0.41782168,0.4768705,0.58210015,0.61490154,1.219345
2430304182,0.9365571,0.73840094,0.70299417,0.4537349,0.59905183
2430306733,0.48979384,0.50565225,0.6209758,0.7748857,0.8793829
2430308852,0.3836011,0.5373092,0.63283986,0.6975285,0.54535735
2430314662,0.5689009,1.6172895,1.5149151,1.4657655,1.6572477
2430314822,0.6588709,1.6800352,0.65373045,1.1668688,1.9032129
2430315203,1.8764169,0.6624366,0.8931937,0.7826922,1.65126
2430315713,0.73888636,0.42884883,1.257356,2.4890416,0.76727104
2430323663,0.72891426,1.0509983,1.1915603,1.4541724,1.101902
2430340143,0.635468,1.1119925,0.90098107,1.3633103,0.6510418
2430340702,0.67246336,0.6383649,0.6236521,0.69721967,0.63989013
2430341053,0.91870797,0.7978579,0.5394851,1.1785982,0.5814902
2430341733,0.8459557,0.90987146,0.90452516,1.1470929,0.86255157
2430341843,0.54331946,0.4914285,0.15871626,0.7055541,0.35631832
2430360692,1.3086908,0.66886044,1.0012583,1.559251,1.1859043
2430367792,0.610704,0.56140256,0.8233491,0.5346929,0.9834398
2430368042,0.6267023,0.7556666,0.75133836,1.0883604,0.5024938
2430368102,0.9118611,0.8902726,0.2898408,1.2369412,1.4565488
2430369432,1.4492788,1.4135842,0.69326526,0.85232604,0.6531252
2430369582,1.1997168,0.8048701,0.38702908,1.867117,0.90932906
2430374052,0.74752766,0.89080524,2.1992946,0.31925666,0.8888798
2430377953,0.99729097,1.4055996,1.3780185,1.1697648,1.1332042
2430378782,0.8519524,0.8438747,1.5370171,1.7401652,1.4205446
2430382423,1.1032481,1.1975735,1.5007391,0.88067836,1.1427469
2430382503,1.057181,0.8458804,1.0283421,0.95230585,1.2490102
2430382882,0.64814746,0.8269098,1.7929571,1.0901937,1.0953894
2430394522,1.9793357,1.9882283,1.7876784,1.5531046,0.94171494
2430401062,1.3741856,1.9132283,0.8230891,1.5872593,1.2240769
2430401782,1.5175884,1.7250904,1.4505755,0.84121186,1.0293183
2430411422,1.172299,1.2166544,0.7140714,1.9250871,0.6464286
2430413382,1.2899784,0.9340074,1.184304,0.6546804,1.326515
2430432123,0.16869408,0.19504496,0.2480051,0.2808879,0.25920686
2430432293,0.25193965,0.1241243,0.19003409,0.3010485,0.27014008
2430434302,1.41033,0.14601566,0.990339,0.7515796,1.0744308
2430440632,0.33647877,0.19706553,0.28975236,0.28852677,0.1734833
2430440752,0.3322993,1.2428231,0.17059854,0.2744417,0.36144835
2430440772,0.08679605,0.034013975,0.15683858,0.589556,0.14416888
2430440782,0.084591344,0.07056465,0.10115406,0.52915233,0.18724042
2430440872,0.5453526,0.34615853,0.3544627,0.5386622,0.3693576
2430441233,0.96906567,0.6654612,1.1259803,0.80481195,1.2022791
2430455603,2.1950376,1.0381712,1.931079,1.3536452,1.968059
2430455613,1.2304525,1.9149631,1.9742644,1.8369465,1.535352
2440001572,0.029452078,0.041756846,0.040620282,0.06399347,0.02104378
2440003262,1.4132828,0.89799124,0.9998685,1.2952797,0.3992089
2440022142,0.12405057,0.06607951,0.09365186,0.12384923,0.11200616
2440022282,0.6873174,1.0037656,1.4997933,1.1881943,0.54722214
2440022513,0.2509121,0.45753917,0.280798,0.3079619,0.25117666
2440038652,0.26682782,0.5647954,0.40728474,0.38791558,0.3945523
2440044402,0.79136515,1.8275844,0.9297089,0.4882578,1.1461641
2440048592,1.0164815,1.0842037,1.3365402,1.4126769,0.8147039
2440055862,1.2097225,1.2995348,1.1338701,1.7445574,1.1768934
2440060312,0.94843864,0.9758509,1.050711,1.0678601,0.7824377
2440060322,0.66140825,0.50615984,1.2783649,0.8860632,1.4096992
2440072192,0.5891647,0.7826704,0.7514045,0.46069112,0.5064577
2440082412,0.3972441,0.4478091,0.39061165,0.7575894,0.4142424
2440083022,0.76125103,0.9135885,1.1898131,1.0549761,1.1948464
2440083032,0.4983453,0.6595213,0.50452155,0.6283361,0.9959515
2440083223,0.17358202,0.07857121,0.08976254,0.17943798,0.21570623
2440083233,0.16065705,0.26189452,0.28128153,0.23866737,0.21094525
2440083892,0.13553286,0.19229016,0.10539104,0.14941835,0.08827777
2440101662,0.30983314,1.0228801,0.18893978,0.6224261,0.8562735
2440101722,0.33464825,0.43018907,0.5763266,0.5597889,0.61426336
2440119262,0.69502485,0.35590205,0.76834124,0.70747626,0.8597019
2440119282,0.73260725,0.48848832,1.0005133,0.5615847,0.49046397
2440119292,0.3238237,0.7560433,0.4804659,1.1588511,0.8380913
2440119323,0.118497945,0.28996697,0.38346547,0.43803883,0.35876152
2440129103,0.36810952,0.3773635,0.32343844,0.66555476,0.432055
2440130433,0.54227126,0.14707898,0.6150045,0.36494258,0.50799346
2440132572,0.3615151,0.25718316,0.31462508,0.47111267,0.5432873
2440148013,0.4871699,1.1092635,1.0982839,0.7150999,0.51409596
2440177782,0.14110869,0.15863092,0.13144001,0.18832496,0.15359074
2440192373,1.4186072,1.2458303,1.0087142,0.7503889,1.2168615
2440192563,1.602295,0.5980004,0.716689,1.5594643,1.1642427
2440201692,0.21178675,0.24633497,0.32322127,0.6861117,0.7059282
2440206682,2.3301947,1.2853421,1.1903001,1.6658187,1.4715829
2440208113,0.2789173,0.4972841,0.20107247,0.32276064,0.3236819
2440208172,0.29949278,0.25659806,0.3199879,0.330929,0.2909795
2440210482,0.14489383,0.08809538,0.15594262,0.19116904,0.17307441
2440214292,0.18115191,0.25500882,0.30803102,0.12770976,0.37087074
2440218592,0.026159668,0.11081998,0.07026501,0.10442038,0.092719816
2440224732,0.0041853734,0.004745742,0.0038093359,0.0038254359,0.006799562
2440224752,0.0009315888,0.0055868574,0.012905222,0.0026695584,0.001700281
2440224773,0.44487488,0.28497642,0.3207959,0.46226564,0.29922214
2440247642,4.74542,5.4038677,3.875242,4.471355,4.6173105
2440247653,6.0517435,4.554104,4.726892,2.7736776,5.274393
2440247662,4.124437,5.3119025,6.4335446,4.2152786,6.3308134
2440257232,3.134326,3.6490543,3.5200481,3.4631944,3.7520547
2440260052,2.3068755,2.8788352,2.6947238,3.151249,2.3166838
2440260062,1.174341,2.5914779,2.1084301,2.7329853,2.1656713
2440260072,1.9948168,1.9014046,3.8800957,4.226746,2.2150505
2440260193,2.6062465,1.8737694,3.2603052,1.1154268,2.260699
2440260203,2.200292,1.4347552,1.8078805,2.257906,2.6212184
2440260723,3.0089593,2.3389878,1.9673381,2.0421548,3.4877949
2440261452,2.7123487,1.9289018,2.6380482,1.4090623,2.6427717
2440265092,1.9155844,2.5158224,2.4397008,1.783949,1.4166405
2440269892,2.084132,3.257986,2.4739935,2.5895157,1.0434196
2440273723,1.9428114,2.3073106,1.40434,2.3468986,2.2241092
2440273823,2.3358335,0.71867263,2.0568419,2.473315,0.93870485
2440286252,0.29914448,0.5542897,0.24480423,0.1604751,0.23597826
2440301942,1.2854156,2.1829705,3.1365502,2.3531878,1.9811718
2440302392,1.1866219,2.5449467,2.078121,2.024857,2.705841
2440305132,1.525815,2.6540735,0.34725538,1.1640369,1.1633515
2440306332,1.5237412,2.0633528,1.9315951,1.8726182,1.9064487
2440309333,1.6937919,1.5089546,1.0416474,2.7966282,2.0596757
2440309963,1.3095711,1.673242,2.0275946,2.1941879,2.0289853
2440312983,0.8747979,0.9353312,3.9865143,3.0458217,1.413529
2440314082,3.4604964,1.4558042,2.91498,2.2538502,2.380185
2440314093,2.5975492,2.4473789,2.5559278,2.1890604,2.1558447
2440317893,2.0638723,4.578598,3.7947695,6.6387196,5.039086
2440328882,3.248196,1.8705145,3.2214885,5.9386196,3.0554621
2440329613,3.389706,4.2142973,3.2112584,4.3030167,3.7571383
2440336572,2.0073154,2.3219032,2.1554785,3.480051,2.547924
2440336582,2.304417,2.8766894,3.0484972,3.2789617,3.5436778
2440337082,3.8767393,5.581238,3.6904786,5.558159,4.450989
2440342142,3.715067,2.626638,4.123682,4.660529,2.6963801
2440347882,2.904318,3.350944,3.4260862,4.2854238,4.2743926
2440348633,4.1832185,3.2206244,4.0206547,5.0171185,3.7479436
2440348643,2.7632654,4.3711166,3.499464,4.155318,4.2986226
2440348652,3.7710786,2.650377,4.3066564,5.6669374,3.7466376
2440348662,3.9293673,3.7937322,4.911499,4.6440973,4.7477136
2440366783,3.2332587,1.7407386,2.234128,2.0274653,2.1823378
2440373823,1.1840769,1.2028378,2.310392,2.7212,2.781826
2440405553,2.9694483,1.9984999,2.6402814,1.6133779,2.7080355
2440410362,2.433301,2.3899183,3.5820923,4.6855874,2.4359252
2440410472,3.7463474,3.4214346,1.7811491,2.9655962,2.74027
2440430272,4.5735807,2.8432806,1.7602842,3.5023096,2.8813574
2440447453,3.3721628,2.8528686,2.6682935,2.8039935,2.756734
2440459983,2.331675,2.5268667,2.3432608,3.701707,2.7976627
2440460003,2.1020098,2.7239537,1.864798,1.7410321,1.4773955
2440460023,2.8417642,1.3481562,2.2724981,2.2093034,1.6734606
2440460032,2.8507228,4.0253744,2.9441714,2.7929592,4.420986
2440460043,1.8460319,2.8583834,3.0148585,4.527721,2.7777774
2440460052,4.1907125,3.7413807,4.939787,4.3485184,2.0339634
2440507503,0.8475173,1.1013203,1.1821374,1.9878081,0.6179164
2440511993,1.4297868,1.5999606,2.459818,1.1584518,2.420182
2440524913,0.24395785,0.30646116,0.6974783,0.8813438,0.57321215
2440526623,2.825831,1.9569306,2.0805626,2.870659,2.3677764
2440526683,2.3792143,3.4593487,4.2956953,4.449211,4.0446367
2440537542,3.5626922,5.5031,4.0740967,5.4012184,2.683908
2440550262,2.5134866,2.6859198,1.7416677,1.5459973,2.8262591
2440554173,3.3477695,2.6611953,3.0527856,3.6908255,3.313616
2440555552,5.332708,3.8914092,5.251893,5.111689,4.074719
2440574212,3.1929278,3.899099,3.512304,3.5086257,2.3761148
2440579492,0.9786119,1.1388869,1.2229675,2.2052252,3.4472466
2510053222,1.2277061,1.0742732,2.0408347,0.6960969,1.987727
2510102502,6.8631754,6.140994,5.615324,6.146815,6.0710473
2510122762,1.3335723,2.406279,1.698778,2.2983146,1.8580701
2510135443,0.4942509,0.5130451,0.54695517,0.295824,0.65688986
2510135452,6.6764884,6.9620967,5.846891,5.947097,6.387495
2510136122,8.951374,6.41583,6.9273605,7.506023,7.9601083
2510185563,0.11480802,0.13223189,0.13761537,0.10716474,0.04550064
2510185573,0.5665846,0.6388087,0.5337638,0.48678625,0.29293245
2510201732,1.820202,1.4691123,1.3340833,2.279796,1.6591728
2510204343,0.9686315,1.3254731,1.0665039,1.1056236,2.1407835
2510213092,0.12010051,0.06636789,0.17309211,0.1500839,0.12964016
2510217833,0.49044302,0.44036597,0.22433208,0.54675734,0.48643908
2510222253,0.9357611,1.6803336,0.6355892,1.385857,0.5703238
2510224962,8.239625,5.499911,7.7294,7.3500376,7.117303
2510243713,0.59740263,0.5825782,0.43848148,1.5108275,1.1179999
2510243723,0.80921835,0.9283284,0.40934685,1.2350309,1.2679633
2510280033,0.24374805,0.24756832,1.9069418,5.9950066,0.88773066
2510313322,4.5401254,5.2925634,5.8902144,5.529342,4.193601
2510353392,0.066336714,0.06701581,0.04189766,0.113239,0.05124031
2510354132,5.898085,4.5143476,4.1508875,3.0692325,3.4834673
2510355672,2.6124659,2.543436,2.194955,3.1591783,2.7291565
2510366852,3.7607477,4.780087,4.6063447,3.5583808,4.0330796
2510368672,4.5497103,3.0453472,4.556639,5.646849,3.8171065
2520008153,0.5285016,0.8270001,0.90002704,1.2598761,1.4039195
2520019212,0.9992421,0.49970505,0.9124051,1.2341425,1.2314924
2520032702,1.4084792,0.6775172,1.2327286,1.1462716,0.8220398
2520037763,1.0903709,0.5769179,0.62648606,1.097437,0.7450961
2520037773,1.1326749,0.3684569,0.8629434,0.9245895,0.8975663
2520037783,0.75955456,0.87474716,0.6949824,1.2548217,1.096334
2520038172,0.72514886,0.93509924,0.5702126,1.1263478,1.1636819
2520038342,0.9168049,0.7862404,0.4835203,1.4654964,0.65355724
2520038352,1.2102019,0.8456676,1.2170973,1.0106237,0.88808346
2520040072,1.2310017,0.93966895,1.4666882,0.9340977,1.1539822
2520052262,1.4907104,1.6207528,2.68808,1.8671113,1.1245506
2520062032,1.8464535,1.6364021,1.383552,2.240664,1.7287297
2520062052,1.5189495,1.0255709,2.7503262,2.0303159,1.5080633
2520079683,0.57775044,0.48009765,0.21816431,0.4060067,0.8295133
2520079692,1.1621956,1.9055465,1.4073055,1.3968798,2.5231647
2520080903,0.6728262,0.7304194,0.9124458,0.71143854,0.77947813
2520080913,0.5375191,0.3532499,0.50139797,0.44111243,0.5637342
2520087493,0.60439026,0.40178874,0.410225,0.42993945,0.47555047
2520098123,0.5355939,0.3580314,0.54282826,0.656026,1.0105817
2520102532,1.0513393,1.1364638,0.76603496,1.0949758,0.3506489
2520103743,0.32182044,0.7630561,0.65558565,0.9550829,0.90054756
2520113562,0.48264015,0.43279397,0.7053886,0.51346564,0.36191326
2520113573,0.69034344,0.7604678,0.55852365,0.8038966,0.99396914
2520113582,0.716524,0.69957286,0.56442356,0.6960734,0.89050114
2520114062,0.31955773,0.59055007,0.28751585,0.93777156,0.7526604
2520115212,0.16132894,0.11680774,0.2892417,0.34847456,0.37071854
2520130442,0.7016876,0.6975807,1.0013038,0.7355319,0.7597579
2520134552,0.5914045,2.436179,0.2264423,0.65534234,1.6816499
2520142253,0.25522938,0.34567904,0.518613,0.39534378,0.5294791
2520142262,0.24600443,0.17392126,0.18247445,0.77805746,0.21195132
2520143013,0.3402006,0.37112084,0.40227306,0.7109823,0.68693095
2520143252,0.03990978,0.042582013,0.05939477,0.03834047,0.05281716
2520143632,0.49128503,0.9099692,1.0704633,0.48234862,0.30087444
2520143742,0.23378079,0.3954755,0.5802364,0.24492621,0.43840075
2520165262,0.45506003,0.49255487,0.7317381,0.97980934,1.0509794
2520178512,1.121411,0.36113784,0.48241314,0.6422596,1.054697
2520179593,0.42400372,0.53192765,0.78201836,0.7540303,0.6180409
2520180252,0.840836,0.5805127,0.6174927,0.38229808,0.32975468
2520184733,0.13797225,0.6291439,0.5250282,0.32939,0.21188326
2520185443,0.7817066,1.5718894,1.0092211,1.7145816,0.69392437
2520188402,0.75660866,1.3161776,0.97577953,0.52777535,1.5955998
2520189482,1.3574482,0.98345816,0.872592,0.95212626,1.0778606
2520200032,1.1989365,0.84812284,0.8339883,0.64346087,0.5158053
2520233713,0.15202266,0.17129706,0.313797,2.79218,0.27232844
2520239232,1.4539461,1.995214,1.5417118,1.5743569,1.0471919
2520251282,2.9216917,4.149122,3.062861,2.8524952,3.8735511
2520333172,0.5853434,0.77503866,1.1929332,0.7695655,0.8485312
2520338332,1.4953067,1.4176583,1.2444181,1.0118517,1.5617678
2520378862,0.8446159,1.9885758,1.0321597,0.5456228,0.6944712
2520476083,0.3760867,0.43671894,0.42927334,0.38851953,0.1641284
2520476603,0.12538247,0.19444834,0.12368063,0.19121231,0.0856539
2520490302,0.6970787,0.6269093,0.55382407,2.9451067,0.6251294
2520499433,0.57484925,0.7089997,0.28520802,0.58626956,0.6016547
2520554813,0.9416491,0.89739233,0.8189715,1.0759456,1.0119501
2520554833,0.6442311,0.85484064,0.9612723,0.83132106,1.1382754
2520559022,0.3212056,2.5225518,0.4412613,1.0965046,0.6872254
2520593073,1.6939685,1.1540314,1.3316398,2.481672,0.8964063
2520620013,1.43248,0.6787057,1.2316899,1.29686,0.66221887
2520620023,1.032907,0.93561655,1.0006942,1.3025547,0.9503801
2520625362,1.3223708,0.6826928,1.509187,0.92957973,0.5150132
2520625443,0.950631,0.58676565,1.1985874,1.7188817,0.91540766
2520679082,1.0663216,1.3796616,1.0741103,1.6377647,2.521688
2610002533,0.57778704,1.0221497,0.83598727,0.90002006,0.86517096
2610002593,0.74944305,0.606115,0.8377866,1.1193016,0.7902118
2610003833,0.71229,0.61500394,0.6369716,0.8013294,1.0543048
2610010992,0.9156016,1.118064,0.7664664,0.5266657,0.8169487
2610017963,0.45682415,0.5189655,0.579356,2.1312175,0.3986572
2610023253,0.37490165,0.804542,0.5015659,0.3906417,0.9049445
2610030312,0.93723255,1.1245389,0.6220746,1.2215328,0.67927784
2610862152,1.1523652,0.7429787,0.9775648,0.54258037,0.5469367
2610921102,0.8362466,1.2179397,0.7532942,0.6880037,1.0052874
2710010522,4.5011578,3.5147047,3.7034662,3.2208114,5.0713716
2710010892,0.45630208,0.71613854,0.5430874,0.48643503,1.2727796
2710036202,1.117788,3.0769324,2.3278573,1.8910067,1.2826498
2820015502,0.019529117,0.032749753,0.023236608,0.03735767,0.01663618
2820069032,0.05860643,0.047745183,0.09868865,0.1957945,0.101084575
2830005363,1.450524,1.79164,0.8743731,0.7926181,0.71263236
2830005393,1.3883398,1.7255678,1.0853537,1.3629194,0.6608182
2830005413,0.794965,1.8104163,1.0230997,1.1198136,1.5491118
2830016292,0.99894965,0.94517875,1.3486035,0.96126026,1.5627139
2830059033,1.1132818,1.4490176,1.3273329,1.7507656,1.5039265
2830059982,1.3422673,1.3311522,1.2551857,2.5030968,1.2106133
2830060712,1.3719658,1.2713282,1.211864,1.7910843,1.5136919
2830061663,0.5349281,0.8296121,0.51490074,0.9351063,0.69388795
2830061673,0.6264228,1.1781391,0.7907387,0.7977768,0.902838
2830061713,0.98962134,0.5512501,0.9091979,0.8080683,0.6546629
2830061742,1.3398911,0.8845991,0.9072958,0.8571676,1.7707244
2830073763,0.93016446,0.5206035,0.841429,0.73210615,0.9073945
2830082372,0.6758311,1.0873264,0.5878393,1.3536446,0.739213
2830087223,0.8227519,0.48018923,0.90055484,1.1369262,0.59595966
2830088363,0.47687426,0.6419723,0.55956924,0.61718047,0.613592
2830088393,0.46539563,0.4013508,0.9403331,0.7451768,0.36603326
2830092882,1.5390038,0.617864,1.0518309,0.8265116,1.2056948
2830092932,0.3336356,0.4883463,0.32817045,1.2724804,1.0623287
2830115343,0.08775243,0.09165705,0.14362909,0.11793795,0.075165376
2830122013,0.9035052,1.068561,0.8939389,0.94308287,1.36518
2830122033,0.20825998,0.20965354,0.15945372,0.24427092,0.15548325
2830123822,0.16530894,0.15717763,0.15510918,0.27948073,0.27383757
2830141973,0.3801225,0.29589292,0.40595967,0.3544775,0.36316502
2830161773,0.44921693,0.42866504,0.38378564,0.56527454,0.38385755
2830189663,0.918275,0.9591508,1.1275716,1.1622617,0.62135494
2830192803,0.73261845,0.51499,0.47024503,0.639569,0.4283561
2830192823,0.47916627,0.617978,0.69836557,0.71562326,0.5413234
2830215213,0.62253535,0.7777484,0.76849556,0.73387504,0.8093761
2830219662,1.340531,2.4043236,1.5502688,2.3569636,2.857052
2840011152,11.7438755,11.311924,10.493044,9.810065,9.084273
2840043683,0.900975,1.0276151,1.4314569,0.58366483,1.0527753
2840047123,0.28618017,0.053392198,0.06940649,0.16492413,0.14623158
2940006472,12.22315,12.276316,12.935422,12.2182,13.597673
2940006902,2.0212,2.7497823,2.0285237,1.9071002,1.3329666
2940009473,2.465375,2.5564122,1.8686516,2.5720286,2.6308274
3110121362,0.041416325,0.1453713,0.10077098,0.12225146,0.20138182
3110216873,0.02727155,0.07397764,0.024953425,0.029800316,0.1399621
3110218312,0.06347213,0.09773755,0.067120254,0.103723586,0.13809168
3110261142,0.19473937,0.20278887,0.11572514,0.16620922,0.17670336
3110271062,0.024808256,0.060730316,0.035263818,0.042638797,0.03413496
3110291362,0.12366557,0.22637154,0.20531121,0.22564632,0.14353935
3110297692,0.051691346,0.10040395,0.023960046,0.062248386,0.069687285
3110299502,0.27806965,0.13508655,0.25789183,0.20664386,0.18479112
3110391202,0.27233556,0.09523791,0.21058455,0.27968696,0.20602544
3110392953,0.23357669,0.19353533,0.21766363,0.23305266,0.1758134
3110393212,0.101640545,0.25954515,0.34959117,0.24947892,0.2747714
3110393282,0.20546581,0.25609425,0.22787766,0.2182002,0.14966418
3110436623,0.10292101,0.08622075,0.2682209,0.08953365,0.27345175
3110444022,0.039293047,0.043039322,0.015543701,0.024187123,0.03272056
3110454642,0.17108333,0.13839266,0.10972495,0.14781922,0.07996698
3110456112,0.11480193,0.042778883,0.11675725,0.107739925,0.10557857
3110456142,0.11337669,0.06267557,0.16252969,0.08118251,0.11479807
3110503733,0.10941553,0.114141315,0.05926972,0.084523,0.07008479
3110503862,0.20072642,0.23938929,0.078517824,0.18862031,0.16024587
3110503923,0.14799501,0.07786209,0.11305882,0.052404203,0.13209663
3110505772,0.11620484,0.1258831,0.120075464,0.10515097,0.11003719
3110505812,0.188559,0.07985914,0.039802458,0.16579434,0.098930724
3110506453,0.09239138,0.058601946,0.15986489,0.14955482,0.14790298
3110515882,0.0054583694,0.012863615,0.0071557043,0.008590594,0.066897556
3110701252,0.123804525,0.23693159,0.13919836,0.1865809,0.2025437
3120003502,0.7058195,1.6095304,1.4200017,1.3438107,1.1946936
3120006552,1.4905518,1.4499983,1.1663488,1.2173623,2.2386181
3120011912,0.8277761,1.1225454,1.220407,1.327764,1.7576349
3120012052,0.891104,1.432183,1.1861331,1.117988,1.0307434
3120018132,2.1088073,1.0909758,3.3526483,2.4268498,2.1874647
3120019132,0.60205996,1.0905106,1.8718047,2.1477911,1.8033694
3120022063,1.2027588,1.1379164,1.0320584,1.5534315,2.1038465
3120029362,0.7059397,0.6749965,0.8708533,0.79639184,0.5338297
3120033243,0.3988613,0.6163706,1.5682149,1.848529,1.0229416
3120047852,1.5010573,0.6247459,1.8184326,1.8522683,0.82103837
3120066572,0.9681188,1.5690076,0.8444512,0.96252644,1.1035883
3120077592,0.41752523,0.75433385,0.62883055,0.6080861,0.842384
3120078093,0.7659897,0.6657866,1.0515114,1.418252,0.8999399
3120095252,2.1031632,0.8652994,1.1542448,1.2340094,1.0200562
3120098342,0.8312908,1.6867317,2.5409758,2.7423494,1.3691415
3120098352,0.7554595,1.7893448,0.7362639,0.8937409,2.018168
3120103292,1.6692784,1.4470912,1.5565206,0.85367554,2.2551293
3120103772,1.3563535,2.7100127,0.91421825,0.546606,2.71741
3120106212,0.48904982,0.2502073,0.30072495,0.2129463,0.43444204
3120122883,0.30450428,0.47054037,0.2985311,0.30404314,0.28940153
3120127562,0.33921635,0.56660444,0.13849764,0.25188038,0.8978379
3120128853,0.2007942,0.4273114,0.23248093,0.22882764,0.2564622
3120129522,0.36711723,0.14210342,0.45264867,0.447869,0.18514031
3120147883,0.32751074,0.30406415,0.19344918,0.26670662,0.23918453
3120156082,0.29243234,0.19509281,0.48533925,1.0127443,0.32735035
3120162632,0.24215566,0.35063785,0.7379202,0.5248036,0.5784274
3120242873,0.049254462,0.09218048,0.044420633,0.059308752,0.067694515
3120373723,1.4302219,3.2606905,3.743391,5.3294687,3.324715
3120374732,3.1250882,3.3750632,3.5390851,5.103679,3.4196093
3120377422,2.0725467,2.0366192,2.2772806,2.3402836,2.356745
3120377523,3.7107651,2.7775054,2.417923,3.3689933,3.517462
3120382222,1.1737401,3.1533,2.1735513,2.3139703,1.9719954
3120384652,3.4335747,2.8045347,1.8577671,1.4359139,1.5375285
3120385732,1.8357673,1.7515559,2.1058807,1.9647125,3.156581
3120385802,2.1345184,1.1737524,2.614421,2.7879179,2.0278256
3120391892,6.3564525,3.78036,4.1985774,3.821936,3.782515
3120392992,1.6233726,1.0776623,1.9150578,1.5030153,1.5416517
3120397972,2.2479188,0.8740917,0.99473995,1.3446825,2.701188
3120405862,2.6308026,1.8495126,2.0378966,1.9451133,2.2705019
3120406572,1.3717933,2.3990612,3.3295186,1.9634013,2.2385871
3120406672,1.2525594,2.0423882,2.648327,3.1696446,3.4486995
3120418102,1.0666149,0.377133,0.28864193,2.0901453,1.5700345
3120438742,0.9047373,0.6398754,1.0122474,0.5440254,0.8089855
3120444342,0.60449266,0.84905607,0.69018406,0.38747028,0.31158566
3120450362,0.64754605,0.66423076,0.80555916,0.87076116,0.48905742
3120453262,0.2535416,0.35002849,0.14528516,0.5729586,0.5030224
3120453312,0.6302247,0.58691716,0.40675008,0.79872406,0.4971996
3120458052,0.1772663,0.111418635,0.24754515,0.3209522,0.1290612
3120461902,0.74623287,0.8032313,0.7285776,0.8797305,0.844289
3120468872,0.27600503,0.49265394,0.6386222,0.8258158,0.41723558
3120473162,0.38988268,0.4603533,0.40845692,0.58173406,0.67573637
3120478402,0.46974728,0.3388384,0.3006517,0.7867801,0.36947215
3120478612,0.34999764,0.49541777,0.4239628,0.6059029,0.36372232
3120479042,0.3694382,0.16976982,0.168568,0.3770525,0.34513617
3120498532,0.89835584,0.7546246,0.5227412,0.9013102,0.66307306
3120502882,0.83331406,0.6014906,0.48860952,1.0104693,0.80433905
3120503042,0.8252467,0.30255064,0.4615893,1.4469857,0.91378754
3120505582,0.96815705,0.4277274,0.53299445,1.3068383,0.62610173
3120520462,0.61261296,0.9456936,0.38349098,1.0579699,0.7392738
3120523712,3.188095,3.18567,3.565508,3.5074258,3.453279
3120523772,4.0343065,2.9530802,3.6294584,4.7990403,4.637989
3120539933,2.5548668,2.6362355,2.8429914,2.9977295,2.6611812
3120539982,8.573713,10.380442,9.628072,10.6949005,11.197373
3120540053,1.744813,1.6401336,1.4786105,2.0448132,1.4331235
3120552503,2.534793,1.8147366,1.5293866,1.4924818,2.638346
3120557572,1.0972813,0.35851258,1.5507572,1.0031781,2.9018102
3120557742,2.1499772,1.3263202,1.076482,1.5751303,1.4988416
3120561502,0.4696906,1.0513102,0.9683517,0.6762084,0.29524067
3120567142,0.85646904,0.71042174,0.9157526,0.4108372,0.56660444
3120567942,1.2177798,1.0633998,1.4081014,1.2407237,2.0661325
3120568042,0.60344857,0.75051475,1.2497464,0.51482224,0.30343854
3120572732,2.1126158,1.4179499,1.6910201,0.9337048,1.507951
3120578122,1.1139854,2.43479,1.3952717,0.63165253,2.0597882
3120584972,0.7518989,0.96408975,0.74487144,1.1027757,1.1317085
3120601283,0.6499013,0.6812875,0.8957557,0.7803958,0.90690184
3120626313,3.3968673,3.0375504,2.8241172,3.0983448,2.7856045
3120638902,0.50698125,0.46451473,0.24015489,0.44073427,0.59096384
3120639322,0.67064136,0.49406216,0.37209794,0.635055,0.1765465
3120651342,0.61655575,0.3370484,0.31049556,0.5179695,0.43321934
3120660742,0.251589,0.29768,0.3613803,0.3042145,0.111799866
3120672562,0.49149394,0.434011,0.18871526,0.30473214,0.27093285
3120675042,0.09641167,0.1905829,0.24538176,0.22040093,0.18428953
3120680662,0.17369732,0.37094298,0.09033659,0.6617507,0.211139
3120687292,0.22314945,0.3354044,0.39993536,0.2688694,0.24826252
3120689842,0.21505566,0.17829868,0.17267832,0.1855093,0.131192
3120773282,0.37010708,0.13073587,0.11266933,0.13578686,0.4123854
3120822532,0.31891802,0.9446953,0.30661651,0.7575146,0.3281048
3120828372,0.5333955,0.34936276,0.44711357,0.7588173,0.5501341
3120871962,0.264077,0.3388921,0.21686421,0.5904696,0.46987143
3121099842,0.38329396,0.8362618,0.31769156,0.676637,0.42120102
3121120212,0.6409589,0.6864933,0.54359573,0.59133106,0.1974884
3121156152,0.67597103,0.35776213,0.4292161,0.56387395,0.65840584
3121385772,0.0152271455,0.043253854,0.05262979,0.04271654,0.01298902
3121887562,0.38047934,0.6940288,0.40384722,0.5140685,0.349786
3121947502,0.434966,0.3543346,0.25193825,1.225828,0.7400797
3122014202,0.4933737,0.22697829,0.75609773,0.7003469,0.56539726
3122033242,0.50500065,1.0938714,1.2598735,0.8202146,0.4828119
3130053242,0.57301533,0.6598934,0.6308868,1.2117789,0.5934305
3130232442,0.28702927,1.3180445,0.27969247,0.862576,1.6613482
3130244172,0.61252457,0.5578972,0.38684383,1.1756424,0.37783083
3130972992,0.25320798,0.28564525,0.2869888,0.331715,0.27044517
3130983863,0.26287833,0.2988402,0.31894913,0.29571468,0.4262318
3131012802,0.33859703,0.487212,0.22103316,0.09557237,0.286357
3131019282,0.13920581,0.26182127,0.17251728,0.39053687,0.20235045
3131024843,0.13176417,0.19543198,0.19798581,0.36332455,0.26368788
3131169262,0.11486701,0.3354128,0.26612487,0.19550835,0.19772908
3131281782,0.54976803,0.32514837,0.27700412,0.92056215,0.18024985
3131381512,0.30631804,0.4221356,0.3020267,0.68220496,0.4729004
3131389152,0.19358207,0.2850711,0.23053606,0.71475196,0.5648688
3131458792,0.07568179,0.08416644,0.120183535,0.15734099,0.078746565
3131584162,0.054072805,0.06934147,0.07113399,0.10727961,0.122050814
3210310642,0.13434653,0.14420137,0.18372367,0.27439582,0.21230514
3210332032,0.011176138,0.05790722,0.017848475,0.025445532,0.053105928
3210346223,0.087773375,0.08301598,0.026510833,0.084268086,0.021347614
3210349982,0.15397847,0.19728006,0.20788564,0.13785301,0.15669644
3210359603,0.04065779,0.05686536,0.025832446,0.019649994,0.0442738
3210387573,0.0050636358,0.103765965,0.007759543,0.0148336105,0.020024583
3220043772,0.38182038,0.45604533,0.3847011,0.63990986,0.66462606
3220161283,0.51650524,0.7065242,0.35910752,1.0678066,0.62636966
3220183892,0.8638566,0.49578223,0.46197844,0.36840388,0.2791797
3220190992,0.10625028,0.27776492,0.20935528,0.18989874,0.4200462
3220357273,0.30822864,0.4217599,0.39730746,0.51332474,0.39170623
3220371412,0.3523746,0.2157567,0.14857006,0.31611735,0.16585952
3220418062,14.554499,15.023178,14.242643,14.412016,13.496191
3220418202,13.780109,13.029684,13.427548,12.755324,12.903918
3220421682,2.5832973,2.2331917,3.6012616,2.528184,2.1508083
3220421732,2.1307566,2.3708186,3.221417,2.482187,2.8986757
3220432372,1.8006935,2.068078,2.5146203,4.059728,2.0022302
3220436192,6.8318834,6.8881435,7.0794544,7.4922523,6.777375
3220438582,4.4352684,6.200929,3.4479487,6.7079,3.8981073
3220438652,3.0188081,3.9449804,2.0562103,3.2449288,3.2095954
3220438813,2.9537613,3.5622256,4.4311333,3.2924833,4.180728
3220438853,1.5662856,1.7240058,1.5688628,1.8047401,1.5369599
3220438873,3.444984,3.5015159,3.6565218,3.869552,3.7816982
3220479712,6.997418,8.352073,6.6361213,6.3499856,8.62264
3220484042,12.055978,11.502895,11.298926,11.336236,11.219819
3220484113,11.02386,10.76725,11.506818,10.424316,9.917495
3220484323,7.103022,6.3689747,5.4918537,7.500477,6.5248923
3220484382,7.0626326,5.8182564,8.342287,8.180258,8.305022
3220493713,3.4722185,3.4403272,2.9230917,3.186643,2.87278
3220505762,3.6655352,2.1003292,4.9438224,4.0134425,4.510229
3220509363,2.8666549,2.6148062,2.5323215,3.0425143,2.861408
3220548393,2.1321075,1.3753492,4.639767,1.6500492,1.1003615
3220586493,1.2326673,0.5783973,2.5344908,1.7887869,0.8117496
3220586683,1.6054895,1.1760269,1.0287747,1.7368565,1.6933503
3220589233,1.9337738,1.9762309,1.9729229,2.6217713,1.8040771
3220598173,2.9504526,2.279307,1.5835638,1.2251974,2.2757754
3220619822,6.176854,6.125914,8.520044,6.085509,6.157321
3220620962,6.94921,7.27682,7.126853,5.530019,6.7074585
3220632283,0.40283597,0.43591434,0.46543476,0.49575874,0.43078095
3220632293,0.92190963,0.9547052,0.30582935,0.50512373,1.0893359
3220632413,2.5040617,1.0971211,1.6098453,3.2379117,1.228466
3220632593,2.942722,1.8008147,1.5233974,3.5628972,2.764409
3310011463,0.28417534,0.43799704,0.45502317,0.34521204,0.3720749
3310015943,0.3101745,0.36839527,0.24042413,0.36263657,0.20586985
3310084193,0.23085816,0.4315315,0.75357264,0.30648294,0.53609496
3310084253,0.18748744,0.25820833,0.22549498,0.15143016,0.15958637
3310139652,0.35669336,0.41356364,0.6268442,0.44855124,0.33430684
3310245672,0.34415454,0.5251002,0.17765155,0.27963287,0.66883034
3310253683,0.090623565,0.12902798,0.121967345,0.11928271,0.1651235
3310253922,0.4973357,1.0801833,0.36171275,0.56381124,0.5463371
3310254062,0.54093146,0.7215838,0.36522833,0.68386716,0.81994516
3310254073,0.7147185,0.23122108,0.33509463,1.2643119,0.3073858
3310335463,0.17978355,0.5889914,0.1960333,0.27585244,0.40782493
3310336453,3.1132982,3.9628108,2.226921,3.4853687,3.5079203
3310341163,0.60979587,0.46839163,0.6836469,0.57655525,0.7569142
3310341183,0.5899204,0.57762766,0.64553636,0.58897185,0.4997504
3310341303,0.56638396,0.26416308,0.4354721,0.395521,0.45152992
3310672413,4.2599096,4.6559796,4.7041993,6.515488,4.680209
3310672553,1.4468402,3.086002,1.5829182,4.1723814,3.2352717
3310775702,0.15283594,0.42583957,0.14166813,0.52676505,0.22207989
3310934582,0.28767982,0.29718736,0.35515243,0.40452293,0.23885162
3310947002,0.3195554,0.3436143,0.2321442,0.46822786,0.27850947
3310978512,0.34019113,0.5809873,0.5362778,0.21865597,0.50011647
3311012943,0.28118023,0.35087958,0.35401168,0.16346702,0.36222646
3311035012,0.22187024,0.4819299,0.800902,1.2953783,0.44460452
3311041852,0.38433453,0.2848619,0.31139448,0.34890082,0.21792892
3311052542,0.64777553,0.26987633,0.44716662,0.7976521,0.7713308
3311054592,0.22146215,0.22570792,0.76166236,1.1685829,0.33085456
3311067592,1.5565245,2.270881,1.6546416,1.8648442,1.9162209
3311269062,0.12503812,0.18519077,0.17833564,0.14307564,0.15294376
3311353493,0.021061959,0.049938824,0.017988242,0.053725757,0.027475022
3311377492,0.32760575,0.6486629,0.5285813,0.8880855,0.83172387
3311422813,0.42680067,1.4768488,1.0420746,1.2281855,0.52424383
3311422922,0.5974436,0.8408664,0.32928115,0.915576,0.44889736
3311431722,0.48218796,1.3271016,1.1429198,0.8026397,0.9706723
3311444142,0.80319446,0.9721083,0.7301645,0.6795783,0.4436222
3311471362,0.5046936,0.5872548,0.48509556,0.5368118,0.53754854
3311648132,0.31400588,0.7746388,0.6277227,0.5543486,0.42430893
3311653482,0.03986956,0.024028521,0.044418413,0.07271166,0.048173677
3420000132,9.103221,8.068226,6.99326,8.704918,7.9628525
3420006062,7.698668,5.4117846,7.5759754,6.28647,6.0487914
3420044672,2.8408227,3.0312245,2.5146847,3.8215647,1.6822712
3420059213,1.7679764,1.5401279,1.4637128,1.9611982,1.6352577
3420071203,7.0934644,6.9625764,7.9349766,7.152784,7.7919774
3420086773,6.5338345,5.8370013,6.183596,6.19275,6.7438183
3420200802,0.9325968,0.8432801,0.50612146,0.5436513,1.0138654
3420261792,0.662106,1.4268576,0.38523597,1.1092772,0.48588753
3420429922,0.89901376,1.0480069,0.6021949,0.92617536,0.6061591
3420763632,0.5761927,0.57055736,0.28989252,0.75129116,0.3879707
3510136202,3.4885607,5.4412065,4.500126,5.4028854,4.6084795
3510176963,3.2259336,3.2619631,3.0114973,3.1551936,2.861648
3510263672,0.19342634,0.09877274,0.38943803,0.32854158,0.4673489
3510335173,4.215041,2.827635,1.8446403,3.410491,2.3472073
3510427303,0.025939079,0.04020665,0.015273081,0.010186318,0.010682035
3510445432,0.016742533,0.06062751,0.008808755,0.0027699166,0.0013323618
3510476873,0.0102208555,0.015476212,0.004145978,0.0041718064,0.005111195
3510500012,0.0005692624,0.0045044157,0.0014708136,0.01073764,0.008898153
3510520652,0.01432098,0.0048336997,0.002626716,0.016078508,0.009605922
3510528312,0.116106935,0.10163305,0.105367474,0.03541713,0.07960841
3510529022,0.008355676,0.001317033,0.026722847,0.009438556,0.00622869
3510542092,0.044246063,0.032741114,0.059236087,0.044895418,0.06151452
3510622612,0.23127523,0.27208477,0.24669407,0.12250731,0.3837386
3510682482,0.35419354,0.2798738,0.276183,0.48960632,0.17334633
3510739432,0.035316244,0.019047605,0.02010751,0.0030967814,0.0096042575
3510739553,0.024164459,0.0135141015,0.03288631,0.028839648,0.012130821
3510753672,0.011216244,0.02082475,0.008876185,0.012811191,0.02464718
3510767752,0.07118611,0.26327702,0.12349844,0.23937093,0.11302261
3510767772,0.0822309,0.06969274,0.052490234,0.09597186,0.1833909
3510770322,0.11763001,0.051946517,0.0419205,0.11137614,0.033014704
3510776452,0.035863165,0.03577495,0.11214225,0.01573861,0.02577136
3510793322,0.19667952,0.080864556,0.07150083,0.13263142,0.090036035
3510795742,0.11501109,0.12420423,0.060998257,0.06986394,0.17380199
3510828082,0.00932995,0.0043295035,0.009392105,0.007074944,0.0041029686
3510870872,0.2793538,0.12539567,0.20597883,0.1659612,0.39576325
3510917612,0.38625437,0.34427854,0.18961982,0.42100248,0.22475393
3510923752,0.37411138,0.32797635,0.24074525,0.35575208,0.3128235
3510947902,0.19211866,0.17132317,0.13490248,0.18027383,0.141026
3510947922,0.031287488,0.16984329,0.1984479,0.26882294,0.15350313
3510953522,0.23214675,0.21701649,0.066205725,0.12661894,0.18055385
3510953582,0.16392332,0.18097824,0.25664526,0.11058579,0.21264334
3510957062,0.32650024,0.19107753,0.11516174,0.13758166,0.23233236
3510962432,0.119684175,0.21292041,0.16063769,0.09678799,0.271682
3510979872,0.09315798,0.20581767,0.13230044,0.21422264,0.18475851
3510982562,0.068791226,0.03256572,0.11698272,0.042300563,0.034753483
3510983502,0.016721787,0.027838474,0.07176304,0.015637932,0.037038013
3510988782,0.029313402,0.10132765,0.07898858,0.054892316,0.048698522
3510991152,0.090894744,0.06244245,0.033041514,0.0954883,0.044107918
3510996062,0.024199052,0.050313763,0.032758486,0.076175556,0.073321804
3511001292,0.07290503,0.071508035,0.050661687,0.059697196,0.0610107
3511006532,0.03952942,0.075849876,0.031430863,0.09162221,0.0874645
3511022952,0.077505276,0.080183364,0.06781833,0.05929224,0.06036326
3511036892,0.004150992,0.01603227,0.00901048,0.0093850205,0.025803639
3511058022,0.0018167003,0.0050835093,0.008478543,0.001722637,0.002573829
3511096362,0.011485074,0.006991139,0.008673301,0.009605177,0.0149576245
3511103022,0.0068100975,0.01421487,0.010087008,0.008479377,0.011867161
3511110222,0.0010939159,0.006402146,0.0020350995,0.0019101838,0.0039447257
3511112182,0.0047830227,0.0053936304,0.0033989667,0.012529011,0.009620525
3511120622,0.07425976,0.19337286,0.0834498,0.2055171,0.21124145
3511128542,0.17295982,0.27506748,0.21326871,0.12473538,0.11259291
3511146012,0.09153652,0.10694449,0.070846386,0.082095236,0.18933372
3511153152,0.33909795,0.25443017,0.16412644,0.23181246,0.20314945
3511170892,0.1446967,0.19127187,0.29202384,0.25257617,0.12733546
3511197482,0.25597084,0.14552379,0.14889142,0.1680634,0.3290624
3511209402,0.20325147,0.07711239,0.17235795,0.25439036,0.17187336
3511230422,0.069890946,0.14416948,0.11730486,0.15430088,0.07527991
3511247402,0.13414782,0.23882416,0.27068457,0.29254213,0.27264354
3511251802,0.28145376,0.2636436,0.15628518,0.25177664,0.2832828
3511253292,0.2535647,0.17680486,0.2831477,0.23033063,0.19874938
3511254132,0.031655345,0.06609074,0.104982644,0.7023111,0.18236712
3511263082,0.17076895,0.4510774,0.24525756,0.15354888,0.10219897
3511265642,0.22228438,0.37980822,0.34406728,0.04625774,0.068113305
3511287422,0.28089473,0.1595498,0.29102057,0.25649264,0.2711689
3511310752,0.11661875,0.113811225,0.061244752,0.08979942,0.15037537
3511321032,0.07188223,0.082990155,0.07218293,0.1188719,0.08053736
3511357182,0.10176127,0.06728166,0.20194545,0.20560312,0.078605086
3511371932,0.025642172,0.082396954,0.08966148,0.059284255,0.04653387
3511376432,0.07158221,0.117375,0.11548029,0.099533886,0.11478179
3511421762,0.0179046,0.008870768,0.022713294,0.026580453,0.012639415
3511543362,0.15059857,0.067546375,0.10424829,0.15038347,0.113058135
3511546742,0.06303568,0.018956732,0.05687848,0.06901771,0.037500914
3511549682,0.041089103,0.06402421,0.051052727,0.079675905,0.012815859
3511551452,0.0045896894,0.0066933576,0.0038277474,0.0013736385,0.006545357
3511556242,0.13222472,0.11818265,0.12734695,0.17559479,0.055041265
3511559212,0.0011419222,0.005143234,0.0029342782,0.0042449445,0.022353861
3511570042,0.09137665,0.16156866,0.1329888,0.07354823,0.07412389
3511580162,0.0037904193,0.0053714123,0.0033796593,0.003662496,0.0017628903
3511583732,0.0064052017,0.005432505,0.0029685167,0.0025550558,0.0049354103
3511627802,0.071988605,0.08964026,0.06707101,0.11708149,0.10343938
3511688602,0.013471783,0.008828685,0.021619143,0.020998215,0.017340703
3511694922,0.015562283,0.005235699,0.023703836,0.031021643,0.0042961086
3511702072,0.0028554313,0.0052420385,0.00751997,0.01055966,0.012700277
3511702202,0.0016287958,0.0060519585,0.0032685203,0.020152446,0.008318976
3511702282,0.023069492,0.016066054,0.011915911,0.019770382,0.061903555
3530130572,0.19767086,0.16492435,0.23178366,0.125241,0.18223174
3540018212,2.5936272,1.6073971,2.7316794,4.0627375,2.02639
3540023343,0.017632313,0.034888566,0.031940416,0.050198995,0.025970072
3540089062,0.11907165,0.08546998,0.15884656,0.24381879,0.044914287
3540100433,0.0023839865,0.0065643094,0.0041118036,0.003953863,0.0038841935
3540156902,0.007583283,0.00765282,0.028232373,0.004472555,0.005316207
3540321342,3.3649607,2.73403,3.8533306,2.896619,4.3268805
3540377992,0.5506201,0.37167493,0.73437685,0.5624194,0.63134944
3610005393,15.143923,15.294213,13.3358,14.747343,14.157579
3610007222,15.664926,14.576972,15.708955,16.271664,15.633522
3610007502,15.710497,15.526834,16.847956,15.766466,16.635452
3610009182,10.980586,10.154944,11.55592,10.883599,11.350412
3610011662,9.740207,9.496499,10.3641815,8.780036,11.450918
3610012682,14.951384,14.519102,14.432465,14.91078,13.703085
3610014392,15.348626,13.48951,13.762293,14.568883,12.551208
3610015842,14.068095,14.420404,14.379481,13.722518,14.624323
3610016082,12.187403,10.90716,11.575887,12.410712,11.09647
3610016552,7.0664244,7.6836543,9.216323,8.654693,7.4505696
3610018753,7.860305,6.7099977,8.429249,7.8746395,8.638119
3610019913,5.5203056,5.4881825,5.4546814,5.0675397,5.0558996
3610019962,10.02868,10.506406,9.572448,10.128993,9.96683
3610019983,12.522393,12.23991,11.681015,11.850871,10.957909
3610020002,12.756687,14.196091,13.7689295,14.199033,14.2168255
3610020012,10.212878,10.159071,9.578801,12.008564,10.578685
3610020032,7.0807796,7.3735857,7.018434,6.9594755,7.439412
3610020402,6.5535016,8.526432,9.0489435,8.657407,7.6914616
3610020603,8.377077,7.6019354,10.142624,7.395377,6.9776316
3610020693,8.154148,7.2809343,8.479229,7.323106,8.287528
3610020732,11.352241,12.06377,12.259339,13.484624,13.427081
4110003872,0.0035429038,0.002831275,0.0020614928,0.0017255578,0.0022862924
4120001372,1.0041821,0.3889889,0.7332399,1.270148,0.79805845
4130024772,3.2952561,1.4853486,3.4152112,2.9419813,2.804965
4130025412,0.6417047,1.9945499,2.136611,0.6244123,3.1984081
4130049563,0.59561664,0.5311336,0.5916173,0.6843244,0.5355897
4130049733,0.0032609452,0.0030808316,0.0025725572,0.0022437226,0.0022387116
4210006362,0.0015177424,0.0023061864,0.04353067,0.007910814,0.0009542586
4220000672,8.182096,8.411932,8.9776125,8.643114,8.496034
4220024393,1.5373033,1.3490918,0.7626613,1.1976292,1.704295
4220029753,1.26896,2.4249687,1.9725189,1.4844316,0.48808712
4220033403,2.4385324,3.4896204,2.2668366,3.7016528,2.2448692
4220034482,2.3182902,2.321968,2.2160168,2.7037563,2.549312
4220034652,0.7889867,1.0826471,0.46548295,1.0152313,0.97022945
4220038043,0.4816661,0.68256515,0.9940434,1.7018256,1.0365103
4220038063,1.1643305,1.7499022,2.1591108,2.535747,1.2560244
4220044573,4.1456294,4.962546,2.906701,2.6390421,5.67644
4220046972,2.5095851,2.5683503,6.0183477,4.5956173,3.8206046
4220050752,3.2730033,3.7284892,3.424511,4.128098,4.4083123
4220053202,4.399929,3.9835567,4.548616,4.46734,3.2780318
4220058172,3.0334344,5.0840974,4.1651278,5.062392,3.4218936
4220065092,1.5111233,0.8419594,0.94203466,1.0062059,0.42445326
4220074802,4.243495,2.798202,3.039691,5.477346,2.8904042
4220088292,1.2821571,0.7916218,1.0529763,0.4166153,0.9814608
4220092222,0.6642455,0.9117267,0.77288616,1.2571306,1.001449
4220096262,0.77426594,1.0376465,1.3226051,0.6312975,0.7971778
4220108642,0.5162548,1.733866,0.6966175,1.0656244,0.7606098
4220109922,0.7476715,1.4900675,1.1837364,0.5102323,0.9193144
4220109932,1.2032369,0.3981508,1.5335324,0.71786994,0.9570019
4220110092,1.0975384,0.8432748,1.8384591,0.14502569,0.9182928
4220115702,0.797521,0.7033495,0.5782234,1.4833726,1.0736336
4220117812,3.2159789,3.048845,1.8507173,2.1485012,3.3220756
4220136392,1.5659318,0.7062853,2.356343,0.6928035,0.8023494
4220146263,2.100931,2.7272742,0.46995267,0.41487622,1.8627465
4220147802,0.4310605,0.5331986,0.5471672,0.37405765,0.56123924
4220157453,1.7761903,2.6578498,2.1298711,2.7397375,1.6217774
4220157523,1.4904474,1.5322076,1.343285,2.5203712,1.8323073
4220157553,0.16729315,0.21633413,0.27837932,0.22857806,0.15927672
4220177333,0.12364407,0.10094814,0.17103101,0.12726603,0.14971605
4220177752,0.003282567,0.0056981132,0.012704015,0.0045256345,0.13232903
4220201612,0.38820022,0.45342106,0.91143507,0.34195617,0.36767793
4220201743,0.0033136336,0.025726642,0.0030530181,0.0025274078,0.06742109
4220201853,0.0075422702,0.0122544505,0.0064347666,0.0056436686,0.1036938
4220201902,0.021936823,0.018750887,0.03477791,0.03299212,0.09348297
4240006872,2.617472,2.765744,3.3518603,2.1520696,3.9668915
4240026892,0.53200334,0.93624604,0.3091486,0.56452084,0.7354085
4240037933,0.80923617,0.4262974,1.211,1.1300399,0.9998303
4240072063,0.58744437,1.648118,0.97952706,0.99429035,2.022351
4240072343,0.20774819,0.20868061,0.36333388,0.53209674,0.07705565
4240076723,1.1757637,1.4653738,1.3624783,1.0284846,0.6070719
4240080993,1.4517535,1.9888783,1.7509208,2.1331522,1.4400564
4240085763,0.16009347,0.15978895,0.45043468,1.4888802,0.33114588
4310018012,0.009597628,0.0043221475,0.0016467529,0.00834889,0.0100872805
4310036572,4.755295,3.8306222,1.8110927,3.0410714,3.1135569
4320000782,22.145405,22.009872,23.11087,22.514542,21.723156
4320001003,29.513233,29.771303,30.193048,29.284567,30.34994
4320002653,18.895452,17.450443,18.144495,18.18588,17.608692
4320011522,28.842693,28.016533,29.370783,30.328642,30.432657
4320017542,30.195515,30.428852,29.542149,30.79785,28.897532
4320068142,7.8922896,7.184725,6.7738156,7.60875,6.079728
4320068303,1.1512918,0.97243226,0.53086424,1.3236825,0.65818423
4320069933,10.816955,12.082431,12.373898,11.929864,12.963885
4320078173,0.35135362,0.22090963,0.14720996,0.36665696,0.3441941
4330027863,0.29174337,0.3473772,0.18056938,0.21665302,0.1566882
4330042753,0.28673217,0.173368,0.096280165,0.15986924,0.056035075
4330055633,0.106924176,0.23494357,0.10716396,0.1420627,0.23335207
4330059313,0.4304239,0.12634595,0.2940401,0.094562426,0.3434771
4340019632,32.188507,32.566708,33.48275,33.485947,32.384342
4340054883,9.106382,7.435647,9.367077,7.295039,8.300122
4340065462,13.13025,13.075795,13.01472,12.477127,14.130398
4340068802,7.549728,8.331478,8.868482,8.916609,9.377791
4340159473,4.3212214,3.156077,2.9043365,4.113314,5.5802145
4340204183,2.8757033,2.6609812,2.0132058,2.1696582,2.5956686
4340204343,2.0721328,1.8221923,2.972257,2.6500602,3.1665404
4340204363,2.683658,1.5594515,2.1335483,3.273618,1.1625285
4340204393,1.9538108,1.5047114,1.8061187,1.8388679,2.5127554
4340241952,0.89174616,0.77678347,0.28759825,0.41749898,0.73573166
4340246343,1.0747515,0.7828721,1.0788934,1.0562297,1.0570954
4340269562,0.11061697,0.17558911,0.31046408,0.24531728,0.20709752
4340270623,1.3782997,0.9101207,1.2388892,1.355654,0.65119606
4340276603,2.1028082,1.6545008,0.8560013,2.4902134,4.0580645
4340299363,0.80372316,0.32232383,0.8941314,0.5430309,0.45194003
4340299372,0.3391371,0.9461612,1.0574574,0.9005856,0.84429806
4340326662,34.82226,32.792564,32.16245,33.168102,32.42783
4340328142,31.810444,29.997482,31.63559,31.028004,32.015156
4340330183,32.695732,32.973915,33.246418,32.72296,31.781658
4340335182,33.36257,34.347054,33.71482,33.41983,32.78144
4340346992,34.20301,34.209442,34.61904,34.094276,32.395824
4340382413,0.2410686,0.67516494,0.22908886,0.4914306,0.6697017
4340432853,3.0200982,1.219703,1.4090647,2.113728,1.6629993
4340439393,0.13669632,0.35013962,1.0793756,0.86374295,0.7899976
4340445293,0.44488004,0.4084234,0.5160357,0.3522696,0.3887952
4340477003,0.18075365,0.14883983,0.14359042,0.3039908,0.1786417
4340509682,0.14331593,0.10880993,0.13784418,0.09329599,0.09405233
4340546053,0.28200436,0.3555541,0.34250826,0.31157112,0.45437467
4340546772,0.11539563,0.21908405,0.21250425,0.13237397,0.11816737
4340622852,0.1458053,0.09232293,0.103960924,0.13628212,0.07198544
4340623022,0.04883386,0.10569602,0.17401132,0.068920806,0.1035794
4340623112,0.10186875,0.11105553,0.094055235,0.056524966,0.11605621
4340623293,0.07609454,0.14440268,0.11141598,0.18729836,0.07256161
4340628992,0.07463993,0.06883412,0.03198392,0.09642512,0.057820477
4340633392,0.053129002,0.09488257,0.037078433,0.096231505,0.0820241
4340639683,0.030337816,0.06879175,0.045126364,0.1254017,0.09611198
4340669812,0.07887748,0.08528316,0.048689127,0.07692033,0.11163032
4340670402,0.040130302,0.12494817,0.062464073,0.115337126,0.12923352
4340680303,0.41562647,0.37947896,0.43607053,0.35561612,0.21727476
4340683423,0.54433984,0.7631138,0.7243963,0.8213385,0.663618
4340709403,0.58856,1.901207,1.7136916,0.5493511,1.1977006
4340830763,0.5349854,0.603202,0.544258,1.4555163,0.40950862
4340835263,0.94682014,1.1707748,0.9337163,0.64879334,0.50449634
4340844363,0.028796736,0.029854376,0.072494894,0.064706214,0.061829057
4340860643,0.10267722,0.096706584,0.10138205,0.067958154,0.13713834
4340860912,0.026504379,0.17025916,0.083762094,0.13768905,0.19279948
4340861122,0.13262853,0.05558119,0.15847157,0.15555395,0.12752526
4340861563,0.103622966,0.069455825,0.17724152,0.16015504,0.22294717
4340861573,0.17671584,0.07217265,0.06401815,0.29044265,0.112253115
4340861583,0.065263316,0.056047585,0.16042349,0.10440385,0.089657046
4340920612,0.009183624,0.06678648,0.02998789,0.032125413,0.031017987
4340961333,0.037180625,0.04988443,0.022087853,0.049297296,0.035080895
4340964753,0.15258098,0.07882288,0.049523346,0.07322294,0.08078479
4340964773,0.053260222,0.043757215,0.030136757,0.07097247,0.07117991
4350013953,0.25653508,0.3764377,0.46480867,0.7612659,0.27288872
4350030352,0.1467591,0.2505735,0.10596384,0.48130324,0.13567792
4350082943,0.4019651,0.6534604,0.24953744,1.3354551,0.86075795
4350083013,0.58323383,1.4802104,1.4639488,1.4471711,0.99800086
4350089562,0.0051583964,0.0054548355,0.01087645,0.011658966,0.008606565
4350096652,0.015081553,0.007922523,0.005599588,0.014646394,0.011702391
4350115813,0.008083122,0.0070598195,0.006749628,0.023146074,0.0032931946
4360004022,0.28263292,0.45116645,0.82553875,0.37986213,0.29236996
4360031383,0.6036252,0.36941442,0.4350415,0.17650841,0.28476176
4360031453,0.95990753,0.6415291,0.60270715,0.6934846,0.8139652
4360070153,0.5254267,0.8729904,0.4769909,0.734429,0.29083273
4360081733,0.17424648,0.36788368,0.2196417,0.4222674,0.12673219
4360100373,5.4835167,5.5065126,5.22246,4.580241,5.687565
4360115122,11.65726,12.519402,12.065273,11.89141,11.908205
4360131693,2.594152,3.410383,1.553033,1.7642279,2.2226906
4360192833,1.0737753,0.6895692,1.6870713,1.2108358,1.5462428
4360206233,0.14405307,0.47968474,0.6656023,0.49511614,0.35543182
4360232722,1.4649198,1.8157828,1.7401799,0.91588354,1.3477197
4360264243,0.34868523,0.8872405,0.6022997,0.8964012,0.892203
4390014063,1.4165841,1.2610513,0.6465081,0.6453466,0.6212403
4410005193,0.58460045,0.22050835,0.38793543,0.62671167,0.20823814
4410016173,4.8412447,3.0537317,4.7171226,3.9209151,3.8321645
4410022563,1.043954,2.4486468,1.3362387,1.1617548,1.3291597
4420000352,0.052253317,0.021704182,0.020821448,0.026802864,0.0069878604
4420024363,0.018283723,0.014973036,0.005499033,0.0054834005,0.099467866
4420129413,1.1012672,0.87501675,0.95965666,1.6741775,0.9728141
4420130043,1.0830547,1.2756503,1.9447887,0.75257325,1.1296115
4420156933,1.4518074,1.6395508,1.487771,1.3373202,1.2836494
4420181693,3.5801084,5.540355,3.6428263,3.085494,2.6877587
4420183552,14.118745,14.128954,11.280879,14.049271,14.978384
4430043193,0.74985915,1.1383582,0.9846905,1.0287061,1.0616206
4440006173,1.1961216,0.6134625,0.24001093,1.3198309,0.30909717
4440007103,1.7785702,1.9006009,1.6891309,1.4417953,1.6247722
4440035212,0.7129517,0.35215732,0.5558311,0.5336946,0.7236784
4440045933,1.6378303,0.8330053,1.0306311,0.9212693,0.49864697
4440046642,0.004557453,0.0053756367,0.0067001237,0.0075563695,0.0019355087
4440053563,0.8670218,0.9774689,1.2164057,1.8364139,1.0657952
4440057693,0.99117476,0.70908606,1.1577084,0.8365615,1.3836054
4450006332,6.2533984,7.046914,6.106999,5.0612335,6.299733
4450020112,1.7495637,0.53499514,1.6275219,1.2340349,1.2740207
4450026722,0.61941385,0.3228833,0.7193572,0.33473155,0.4804438
4450046473,1.6065626,1.1225951,0.9058188,0.99702847,0.94588417
4510009103,0.2727801,0.21117222,0.082322456,0.27740505,0.117328875
4520053002,1.7074164,1.4937919,1.6887896,3.0962944,2.9053562
4520054923,1.9629542,1.467396,2.8940358,3.9443636,2.6769621
4520056353,3.2270572,2.45724,1.8192213,2.8529563,3.4543324
4520075482,3.042924,2.529086,3.68697,3.3844676,3.291701
4520076682,5.849431,3.3460414,5.018961,4.8778706,6.1514063
4520104473,1.4445839,2.4120297,1.9696193,1.4481881,1.900334
4520174233,1.4042647,1.9540832,2.7762923,3.3487654,2.3364592
4520197022,0.06988516,0.1128668,0.054965816,0.12167415,0.0447055
4520302032,37.76166,36.302048,37.504528,38.12428,37.244484
4520318083,2.044517,3.3495188,2.4875479,2.6700091,1.7234111
4520320912,31.418646,29.145325,29.258406,29.55406,30.797533
4520321112,31.408613,31.43904,30.779789,31.54047,30.859514
4520322382,29.879734,31.764006,32.421658,30.541779,29.698978
4520329192,31.408857,31.875986,32.34223,32.518448,31.61845
4520431812,0.004945122,0.033866204,0.0024395795,0.0060376218,0.08136139
4520506872,0.007087065,0.03768879,0.006157979,0.004079063,0.09803094
4520527023,22.510334,24.73662,25.642591,24.996105,23.220417
4520537082,30.916384,31.382395,30.115149,30.701984,31.330805
4520537123,31.110886,30.52792,30.680275,31.042269,31.521397
4520538372,32.773697,33.394047,33.278286,33.107555,33.001556
4530088623,1.5222386,2.0252104,1.8440993,2.4504733,1.781508
4530096283,4.5968685,3.9780722,5.6715136,3.9810684,4.727661
4530096673,6.1112847,6.289712,5.4035764,6.7586637,6.307351
4530106663,4.794673,3.4689145,5.9282017,5.4451714,4.496698
4530132153,2.875691,3.6308932,3.132663,3.8892627,3.5884473
4530143033,3.6203918,3.0512843,3.4056733,3.0918987,4.0013013
4530154823,3.7028537,4.602725,4.886005,3.9647753,5.104598
4530154843,2.6021545,1.6334274,1.2530351,1.6871778,1.8373946
4530154953,3.4861884,2.3422687,4.6212244,3.788838,3.7742457
4530179013,3.6830878,4.9111423,3.6101937,6.1840296,5.539392
4530185723,2.558922,3.8263638,3.1756027,2.5006235,4.031886
4530185793,2.2956183,2.2596424,3.4354584,5.784375,3.4715934
4530247173,3.4762447,1.7370923,2.0472114,2.2783365,2.3385005
4530268033,3.1163952,3.6595397,3.3386369,4.1240525,1.8099821
4530322143,0.22241715,0.64178157,0.69599205,0.8119565,0.9845345
4530322212,0.96722806,0.54358006,0.43547738,0.2801831,0.33763942
4530347283,1.2487082,0.95121557,1.0790596,0.99185,1.6093299
4530348013,0.10998139,0.11773285,0.12384273,0.08292061,0.1789824
4530365123,5.541577,3.7348166,3.652849,5.864473,3.3664296
4530379283,1.9776057,2.653983,1.6599361,2.0810308,2.5870705
4530433352,2.5131843,1.7031122,2.0662713,1.7451168,1.61613
4530441633,1.3441513,1.3901408,2.0151465,3.5563688,3.7688644
4530481472,2.2488952,1.5755094,1.7139704,1.5930641,1.6603241
4530487643,3.5259933,3.086093,2.8795018,5.366001,3.0810337
4530612523,0.96360236,1.1840638,0.9613433,2.0825202,1.3977882
4530612753,0.68022454,0.8888188,1.2242186,0.62833875,0.7036663
4530657533,0.0068132896,0.00896316,0.0070731565,0.010960149,0.012771006
4530661893,3.2564118,1.1725557,3.0470922,2.7708392,2.1405287
4530662143,0.74304587,1.0929606,1.2741803,1.9513067,1.2233893
4540003332,0.3153762,1.8067089,2.1197407,1.0104173,0.48222402
4540003872,3.7608654,2.8503218,5.588845,3.725259,3.1424503
4540004812,5.432588,4.332357,4.8438487,5.632053,4.874619
4540010073,3.7200768,2.3575852,5.4917817,3.9222403,3.7957678
4540016123,0.18071288,0.12562704,0.27570575,0.17012213,0.32640582
4540022953,0.49017575,0.55310714,0.59169257,0.5183573,0.45112193
4540027783,4.19153,3.2608285,5.315734,4.498436,5.057462
4540042523,0.7412233,1.2542528,0.41689482,0.37922174,0.7123504
4540068343,0.77985907,0.86447465,0.68121123,0.6500297,0.5018908
4540093452,0.46824571,0.97878,0.6781105,1.0795105,1.0978642
4540101533,2.8904576,3.3988183,2.2196493,2.9932718,3.144333
4550051802,0.07001433,0.031719245,0.06444258,0.050244354,0.12472087
4550055772,0.031067993,0.040199514,0.053152554,0.041841984,0.034705658
4550056472,0.03845658,0.013430992,0.011138393,0.007668401,0.009057039
4550096182,0.0059319986,0.010280454,0.0062994314,0.0039026467,0.008891772
4560009422,0.30540827,0.1943855,0.2229305,0.3665095,0.1007641
4560016263,2.970768,4.564561,1.8606228,1.3993365,3.516595
4560030353,1.0438591,2.1675155,1.5274538,1.3042,1.6448952
4560036213,1.5331044,1.1169689,0.99317443,1.392123,1.8024639
4560038452,34.37947,32.83258,33.412518,33.381428,32.83452
4560038982,30.273556,29.659046,29.817608,30.928314,30.318342
4560041012,29.393944,30.754196,29.508982,30.613224,29.613628
4560042003,29.778265,29.102722,29.304146,30.420252,29.58256
4560060272,34.83131,34.750484,34.636066,35.178905,33.534786
4580004952,0.004137544,0.005682932,0.0031970763,0.006165155,0.0074667
4580021702,0.37517783,1.6107013,0.14485607,0.050677348,0.11559192
4580026862,1.2539414,1.5836436,3.0525086,0.91227055,1.0387228
4580035352,0.000649486,0.003443908,0.002382115,0.001975257,0.0050704
4580037652,0.0023660006,0.0008200765,0.016012935,0.004812853,0.0037277695
4580051292,0.0015035218,0.012352515,0.0056977696,0.0039946325,0.0058994987
4610001882,1.7353922,0.8454097,1.4434181,3.1275995,1.2212046
4610002242,0.8567767,0.78236544,1.4733897,1.5559781,1.5805092
4610009282,0.8086554,1.7680326,2.5420575,2.0074139,1.4744673
4610009493,4.074029,4.2219753,3.198772,3.3515754,2.8306394
4610010202,0.82119036,0.87054276,2.3070168,2.1306355,1.6289393
4610032002,1.2940632,0.81626683,0.56845737,0.7943578,0.76856786
4610032273,0.59394944,1.330616,0.9196829,0.6354004,0.9533817
4610032402,0.34815565,0.7223061,1.2434797,1.0087132,0.87488174
4610033562,0.29748693,0.66232556,0.44079238,0.2844941,0.14593424
4610044092,26.676386,27.395922,27.830303,28.094038,26.765068
4610046032,22.160625,23.276264,22.536488,21.668917,24.037266
4610055042,0.18394914,0.1746471,0.18720904,0.23232488,0.21111883
4610055052,0.149226,0.07803467,0.19330266,0.24042869,0.08359195
4610057062,0.23143634,0.32572833,0.22874641,0.34639177,0.32079232
4620005313,1.0174745,1.4570706,1.6119306,2.3518362,2.098946
4620014182,11.762284,10.473982,10.954153,11.710791,11.123231
4620018543,3.1558897,4.2354894,3.4808831,4.0365596,2.9987152
4620019453,6.335447,5.9140267,6.444795,5.8650713,5.8947763
4620022352,3.100375,1.9195111,4.1645436,3.0640535,1.7731777
4620022872,3.2185206,3.3619428,3.3577673,3.0964732,2.2366626
4620033793,1.9776726,2.0104418,1.1290541,1.8941939,1.6613562
4620036363,1.9676874,3.0202966,2.5698388,2.4429455,2.0476286
4620036843,2.5205035,1.1719192,1.1378726,1.9118514,1.8962202
4620047602,0.41682473,0.2165231,0.25415647,0.57995677,0.47317493
4620084502,0.6599425,0.69011235,0.6153966,1.0922518,0.5144005
4620092062,2.06337,3.797845,4.1273613,1.8673335,3.015443
4630002392,5.4847007,4.636646,4.862527,2.8704815,3.7234995
4630005273,2.9591026,4.091505,3.5211067,2.7758572,3.3107448
4630008512,2.422265,2.1767545,2.8463619,1.5695574,2.9180918
4630024492,2.192526,2.287697,2.329536,2.6113033,2.524432
4630057762,1.7827476,2.172413,3.0502737,1.9362828,3.2661436
4630059582,2.5304618,2.3806062,1.7447093,3.3625789,2.1965013
4630060642,2.6345708,2.5675244,1.9399896,2.6268067,2.4506116
4710012532,14.2015705,13.954254,14.20121,15.850046,14.148057
4710014122,0.9358899,1.7460544,1.2171841,1.7667329,1.1182864
4720001213,8.8839,9.509174,8.524962,8.91162,9.915923
4820000422,8.4486475,8.842872,7.8865504,7.891069,7.7501745
4820005582,8.357806,6.6279125,9.006954,9.024434,6.6363034
4820007362,25.267225,23.891287,24.530485,24.16077,25.310379
4820011732,29.330757,28.95007,30.446167,30.040106,29.064024
4820016053,35.642036,35.106895,35.789856,35.111935,35.11736
4820018773,35.992455,32.172794,33.158257,33.708668,34.21953
4820018802,36.249474,37.388718,36.386955,34.934586,35.5664
4820026673,7.436424,7.596154,7.13457,6.746172,7.6283216
4820034623,8.33381,6.7246723,9.015442,8.381011,7.481318
4820040032,7.2337437,8.042873,6.8039317,6.6720576,6.8484864
4820044662,8.539456,7.6365337,7.4519243,7.2374988,7.549184
4820045282,28.492062,29.170277,28.221703,28.53956,28.013927
4830000563,27.281605,26.689331,27.029818,27.501808,27.101011
4830000982,32.526207,33.76844,32.41506,32.58371,33.394722
4830001563,30.987144,29.239351,30.457085,28.86668,29.290173
4830001963,27.950314,28.169827,29.96323,27.939,28.621443
4830002062,19.499931,19.913694,18.860859,19.96831,21.27919
4830002862,19.105072,18.660713,18.667355,19.1128,17.982468
4830003352,18.336987,19.608673,18.713211,18.43609,18.682796
4830003512,17.970062,18.586302,19.412989,19.542965,18.082523
4830005222,19.196497,19.114437,19.692814,19.765497,21.695467
4830006762,28.982145,28.127262,28.479612,29.032272,28.616522
4830007972,20.730097,22.599289,22.068502,22.755959,22.663837
4830009082,19.09353,16.679577,19.83288,19.353983,18.51817
4830009422,18.068062,19.18426,20.307615,17.642584,18.360216
4830009442,18.586517,20.337423,17.639738,17.510244,19.438625
4830014152,17.625574,19.152481,19.324474,19.00672,18.284407
4830015772,30.2612,31.136137,30.79685,31.17303,31.446058
4910000012,30.984505,33.312412,31.277168,33.62231,31.223986
4910000832,31.961525,31.245228,32.21144,31.915741,32.11304
4910001862,32.305614,30.783972,31.365246,30.46702,32.655457
4910002233,31.076984,31.451347,31.205204,31.140526,31.186644
4910002702,32.22918,34.71659,34.157547,33.086548,33.176243
4910003312,33.206665,33.532494,32.64567,32.244934,32.924007
4910003862,33.8787,33.032887,33.316555,33.463486,32.46097
4910004042,33.42872,32.419746,32.729424,33.6551,32.37471
4910004652,35.395172,34.8179,34.953655,36.49988,34.83612
4910007842,33.235126,32.24023,32.47288,32.983593,32.10853
4910007982,32.39228,32.83317,31.668495,33.476692,31.800392
4910008103,32.012466,31.801146,31.186663,31.535582,32.14363
4910010772,33.788937,33.39684,34.760967,33.090218,33.681557
4910011242,35.451054,33.62857,34.654602,34.143562,34.621883
4910011482,31.769981,31.303013,31.290018,31.022476,32.62771
4910013832,32.130123,33.852394,34.436058,33.163986,33.53921
4910014862,31.29306,31.771416,31.163176,31.69414,32.339424
4910014902,30.87352,30.71755,32.08249,31.03657,33.14806
4910015112,32.7161,32.83088,32.67103,32.12899,32.19657
4910015152,32.76515,33.827496,31.78546,31.775217,31.014532
4910016283,32.473248,32.215652,32.4122,32.322777,33.593605
4910017242,34.9766,33.519848,34.69576,34.934635,34.71558
4910017642,33.30425,33.64543,33.273243,35.021797,33.625767
4910018962,31.554289,31.874577,32.65791,31.785017,32.869728
4910019542,30.521744,30.5521,33.009518,30.23921,31.855225
4910019842,33.14866,33.271133,31.595606,31.861217,32.358295
4910020512,32.4162,32.560867,33.90634,32.302017,32.68878
4910020542,33.828087,34.69458,34.676174,35.3117,35.034264
4910020872,32.245712,31.873144,31.552568,31.218735,31.904844
4910021003,31.517916,31.293251,32.689415,31.204498,32.474674
4910021272,31.774157,32.399784,30.712605,31.007982,32.920296
4910021542,32.691162,32.575573,31.282219,30.993406,30.374397
4910021562,33.00396,30.605797,31.529526,32.178143,31.477968
4910022752,32.10749,32.269627,33.160675,32.61043,33.549026
4910023252,32.431717,33.823685,33.31007,33.035698,33.207306
4910023873,32.318016,31.993252,30.750534,31.528873,32.418106
4910024042,33.230457,32.449326,33.90977,33.432114,32.7255
4910025482,30.553005,32.35024,31.640457,31.533133,29.942785
4910026052,35.494804,33.783344,33.14982,35.00885,35.65167
4910029022,33.50509,32.940216,32.59722,32.457436,33.01622
4910029462,32.141773,32.45251,31.813414,32.742233,30.875029
4910032392,32.150272,32.69076,31.836843,32.953667,32.832203
4910033142,31.032602,32.694786,31.07983,31.859367,31.774971
4910033193,33.200024,32.34907,31.472216,32.124916,31.951637
4910033242,32.842476,32.724247,34.503326,33.27203,33.12472
4910034873,35.17404,33.34142,34.88798,33.51158,34.48702
4910035022,35.12413,34.40119,34.728134,34.32834,34.71187
4910035132,35.70159,36.692005,34.25901,36.828728,36.438812
4910035162,34.11189,33.823647,35.051662,33.249706,34.109776
4910035182,33.85848,34.855656,33.803978,33.20679,34.715008
4910036272,32.51928,32.112873,31.037424,31.306452,31.257421
4910036662,33.449436,33.78875,33.10054,34.49373,33.16401
4910036843,32.442158,33.188576,32.4606,33.560997,33.12627
4910036923,34.408623,34.327698,34.052837,34.491558,34.796967
4910038062,31.242619,32.397797,31.555727,31.803785,31.854385
4910038142,31.619598,31.407883,32.034237,30.989182,32.250805
4910039002,32.354088,33.142796,32.31124,32.753036,32.885822
4910040682,31.594376,33.661625,32.243713,31.72196,31.313797
4910040982,34.481842,31.975897,33.576393,33.100697,31.943634
4910046172,34.564487,34.938614,34.73452,34.87427,35.061687
4910048032,36.830013,36.548664,36.70951,36.257652,36.90808
4920000142,34.46045,32.932617,32.960167,32.860397,34.09405
4920011382,33.416847,33.8687,33.204067,34.849895,33.86498
4920011662,35.074356,33.35083,32.80132,34.32289,33.795746
4920013032,34.376114,33.129456,34.334507,32.889957,35.038795
4920015862,33.94227,33.468243,34.68238,34.701637,34.542507
4920015882,33.878235,32.561043,33.473682,33.58057,34.529335
4920016552,34.148438,34.037918,35.305542,34.186703,34.508255
4920017892,34.02063,33.667023,33.48845,34.2601,33.394447
4920020112,33.630775,32.798878,33.97292,33.849167,33.8912
4920025052,33.264355,34.649876,33.654938,33.190666,34.30336
4920037722,34.442837,33.70646,33.54925,33.12544,34.38436
4920045763,33.956856,33.6538,34.49914,34.785423,34.71793
4920056732,34.234573,32.750916,33.87387,33.644257,33.936028
4920072193,34.309715,32.355236,33.495514,33.164314,33.93986
4920074422,33.09697,34.999985,34.423153,35.11917,33.9343
4920074612,34.05645,35.356625,33.930676,34.355675,32.591145
4920075042,34.217155,33.512436,33.153023,33.552677,33.662502
4920076602,34.43051,35.11933,35.308784,35.763382,35.358704
4920079192,34.402058,35.71086,33.87288,36.560837,37.190823
4920079262,34.53777,34.028137,35.316563,33.316685,34.655247
4920079702,34.425343,33.855667,33.473427,34.27568,34.2304
4920079712,35.36565,33.89755,34.04647,34.45371,34.194553
4920079922,35.7038,35.070797,35.62275,34.70343,34.519524
4920080792,34.799038,36.53544,36.05237,36.503067,36.586018
4920081052,34.781605,35.344536,33.969902,33.784466,33.41986
4920081352,33.473923,33.915203,32.58239,32.748947,34.761833
4920081472,34.45264,34.582214,33.663773,35.347065,34.946274
4920081582,33.400784,34.27814,34.278793,33.581673,34.962128
4920081662,33.736942,33.580933,33.015167,33.563118,32.752846
4920083432,35.257233,34.14428,33.84523,33.996407,33.840305
4920085762,34.032383,35.331295,34.9599,33.242702,33.69652
4920086243,33.893112,33.985302,34.343536,33.611862,34.182148
4920086882,35.497684,32.389725,33.95691,33.876495,31.837875
4920093492,33.808968,33.808952,34.32791,33.278725,34.272747
5110011352,3.3114398,2.9202504,3.049625,3.1096742,3.6893997
5110011512,3.3903275,2.6474547,2.6780438,2.9067905,1.0105528
5240010743,4.4412518,5.9530473,4.169554,4.9807076,4.908847
5240012373,1.6044028,1.0393871,1.6153845,1.2880261,1.3430057
5310001532,0.19282208,0.31872705,0.19432136,0.3201089,0.10234399
5310011662,0.08610661,0.112465546,0.05113804,0.069391534,0.06345459
5310029733,0.0361996,0.084368035,0.093224056,0.077943586,0.11344926
5310030962,0.2346001,0.8740929,0.32957774,0.7648341,0.3514263
5310040762,0.08164833,0.020249397,0.09105818,0.11570794,0.041634623
5310040892,0.02792186,0.04342816,0.05630972,0.08051128,0.040151097
5310046543,13.299706,12.124778,11.120439,11.865631,13.223753
5310049872,0.0025537654,0.005627579,0.007066542,0.004499218,0.002708102
5310050162,0.007983749,0.013824821,0.0046409564,0.0123857865,0.014087613
5610033592,1.6069293,2.1339352,1.3624445,1.9511375,1.8451055
5610074512,0.018866373,0.011042811,0.0075608236,0.009601323,0.027799556
5620003102,0.4898916,0.1840177,0.32711205,0.39232844,0.15297967
5620013993,0.60179216,0.66813934,0.40814832,0.6724303,0.6908917
5630006102,0.0059618023,0.0021869314,0.0010412162,0.004562483,0.0049269525
5630024042,0.80147886,1.095458,0.41731697,0.6572215,0.9599197
5630025162,0.0049144295,0.0012397176,0.00077508786,0.0013809358,0.0025384536
5630030032,0.0019284333,0.003748643,0.0025169146,0.0013458085,0.00047611145
5630034093,0.79870033,1.0612063,0.87948537,0.6209888,0.5225082
5630034952,0.0044402485,0.000753279,0.0029253345,0.003893321,0.0017551536
5630035122,0.0024883698,0.0013553131,0.0069590183,0.0035486494,0.0012132542
5630038902,2.1352084,2.7943363,1.2202768,1.1308525,1.8923744
5630044352,0.0014593329,0.0035982267,0.0016067891,0.0021436901,0.008003259
5630050502,0.23074758,0.15336424,0.9221132,1.6279978,0.43212152
5630074373,1.0155462,1.5301027,0.6700572,1.016269,1.1295198
5640001733,0.0037992473,0.004613532,0.004892139,0.0035535253,0.0063558323
5640003772,1.85201,1.3979084,2.1995194,2.5213003,1.1993394
5640019263,0.3863479,1.1727431,0.8914105,1.123776,0.771397
5640021482,3.5383317,3.1428082,4.083342,3.0733576,2.2760248
5640024313,1.695391,2.6485987,2.4534845,2.718148,2.788575
5640024423,2.5414677,3.2674868,1.2906185,2.1714742,3.5226333
5640025613,0.34428716,0.41480705,0.55959004,0.72522646,0.15228754
5640025622,0.60898846,0.22063048,0.34119514,0.4747669,0.4038191
5670018552,1.7345169,1.1163359,2.526932,2.079711,1.9420098
5690003043,2.3831465,2.3677058,1.6038097,2.5989256,1.7547731
5690004342,0.8835011,2.0613413,1.0229281,1.4688011,2.6134644
5690005152,1.2068068,2.1181936,2.8774803,1.6844612,1.9522592
5690014272,5.353163,6.508974,6.5116935,8.13291,6.6511846
5710000532,0.82973707,2.1605875,2.0074682,1.7262172,3.09605
5710004693,1.8232211,0.76778597,2.5941865,4.0766377,3.1737213
5710007353,0.0034508922,0.003261178,0.013364096,0.0026368313,0.006107271
5720002473,1.4684161,0.88802344,1.1005819,1.638015,1.1203988
5720005972,1.9984615,1.3723166,1.9957359,3.1036627,3.0279305
5720006083,0.80395305,1.4306887,2.0602689,1.911479,1.7534187
5720007732,0.0015598104,0.0063199606,0.005878295,0.008286122,0.004744921
5720011162,1.0082417,0.75841516,3.1990454,5.073525,2.8698602
5720011213,2.2766805,1.9064482,1.7142652,0.99196905,2.4663796
5720011253,4.573512,3.9497945,3.5707498,2.327497,4.010387
5720011652,4.076986,4.9000154,5.341611,6.0851345,5.9882483
6110010212,0.037681498,0.052116927,0.011886163,0.0092320945,0.03606784
6110011722,0.015837464,0.07224859,0.005077499,0.001379787,0.012142173
6120000042,22.273361,20.952877,20.113602,20.892647,20.928799
6120004612,18.203775,17.82054,17.794703,18.147804,18.237858
6120004883,4.4525743,2.6798065,4.0031114,4.561213,3.8011193
6120016882,0.15552367,0.15123183,0.13597293,0.0987429,0.18314397
6120029222,0.14416489,0.25098255,0.15989414,0.08687834,0.02508861
6120039543,0.1635034,0.15477982,0.07572893,0.091912895,0.08953462
6120055542,0.14860465,0.20400983,0.15927482,0.17694889,0.23507613
6120058162,0.22801249,0.1967399,0.12933277,0.12483431,0.045384467
6130019142,0.0011738291,0.00047164972,0.0017188151,0.00022695203,0.0029874444
6130026602,0.7702394,0.81889385,0.5069197,0.4132976,0.11557191
6150061962,1.6290799,3.842684,2.744068,3.684815,2.5145724
6150098723,0.66110545,0.6193594,0.5931605,0.46859255,0.7718495
6150101712,2.0564828,1.5562924,1.883028,1.9784435,1.8919035
6150109662,1.7864637,2.7834332,1.9194789,1.9508677,1.4476763
6160012413,0.018033795,0.0070216544,0.015664486,0.059118185,0.014645742
6160012933,0.20749408,0.4047557,0.25020516,0.40576234,0.3286968
6160012963,0.24448445,0.26876056,0.23643397,0.21616313,0.20259717
6220048622,0.97328734,0.8412488,1.316122,1.3823053,0.8199586
6220076912,27.041164,29.008581,28.204498,28.12148,30.140642
6220152012,0.9304185,1.6210549,1.5024501,1.958793,2.6501486
6220152892,1.0585674,0.37693244,1.2776822,2.3365781,0.99542236
6220178832,1.3138362,1.4808182,1.0727603,0.6582666,0.78794354
6220179252,1.0101624,0.85670805,1.3894185,1.114515,1.0903163
6220179472,2.625415,0.49829158,0.7095191,0.6917914,1.3238236
6220184472,0.65792185,1.3177384,1.6821321,1.372246,1.044205
6220185522,0.8232131,1.1931359,1.1650409,1.5447791,0.83610326
6220191302,0.40156838,1.1186335,1.7191199,1.0283859,1.5883315
6220203722,0.5677976,1.418395,1.0972524,1.0149362,0.9186615
6220204542,0.53931344,0.8158444,1.3441769,1.1821152,1.2556725
6220206322,1.4953264,1.2605666,0.9514884,0.8501794,0.5850112
6220210392,0.6825731,1.2185749,0.7911198,1.2170687,0.6781403
6220242772,2.565786,2.280124,1.5701745,1.6797422,1.817358
6220305702,0.10549288,0.12693927,0.29888058,0.30765522,0.168555
6220306033,0.14292678,0.104125485,0.18679468,0.48915666,0.08394763
6220306073,0.19044782,0.21352321,0.2436493,0.34435967,0.09342917
6220306162,0.48351458,0.58560306,0.415362,0.7662267,0.72520924
6220321573,0.068788126,0.17340223,0.2858363,0.48842835,0.10525009
6220331733,0.046402626,0.16584238,0.2685918,0.09196234,0.23645847
6220351863,0.06371875,0.1558051,0.15203114,0.43785065,0.039310988
6220352143,0.19860654,0.2996124,0.113173366,0.15394974,0.11123091
6220352303,0.17514823,0.25296295,0.16772339,0.20539927,0.14250788
6220352313,0.09227831,0.287921,0.28293625,0.145883,0.10595796
6220353793,0.21165203,0.06821083,0.20353293,0.42791522,0.1800027
6220353953,0.099630676,0.13545747,0.2303025,0.3037659,0.12816486
6220382853,0.19390391,0.43692327,0.15316008,0.37626258,0.12406579
6220405973,0.22739938,0.2027213,0.29527003,0.2959784,0.1333673
6220413652,0.10027733,0.23063464,0.06615756,0.12101972,0.038743433
6220414293,0.07217127,0.15166807,0.1054516,0.1955912,0.0373168
6220415592,0.078171946,0.12638448,0.1481128,0.20288384,0.02864092
6220415633,0.07498999,0.060075685,0.08201871,0.2671405,0.08843235
6220415892,0.05490757,0.16292298,0.10587736,0.237355,0.02457926
6220416543,0.044336554,0.082058385,0.1656624,0.22306931,0.04662133
6220431823,0.06375547,0.12032905,0.15071724,0.23344459,0.08364835
6220432703,0.16783452,0.13685143,0.13031995,0.18340313,0.11984492
6220433813,0.118654594,0.039571717,0.1831998,0.33450338,0.07590629
6220434442,0.05966022,0.15022148,0.093730845,0.23623624,0.088974655
6220434553,0.05165928,0.11559999,0.21791008,0.17599913,0.074220754
6220434583,0.17373113,0.06422246,0.17003447,0.19821265,0.0937685
6220438832,0.03820722,0.090078294,0.12400216,0.123416506,0.047915347
6220439412,0.09481001,0.041824732,0.12045134,0.16957651,0.042012304
6220446683,0.046168894,0.15089643,0.16645628,0.08105309,0.06195553
6220447003,0.045765456,0.06883686,0.09348905,0.16335905,0.010044481
6220447132,0.028929535,0.11659848,0.113809094,0.118222065,0.04446437
6220448683,0.06917308,0.085299626,0.09483503,0.24598491,0.0448579
6220449323,0.060248848,0.12868558,0.09735047,0.19071212,0.057029765
6220449352,0.05425756,0.06463799,0.091960326,0.14212596,0.037157044
6220449373,0.04631359,0.10908134,0.117654115,0.09775844,0.08190254
6220449383,0.07172969,0.05211146,0.0824593,0.212079,0.055878766
6220449422,0.054662094,0.111754045,0.12315312,0.14065666,0.07268996
6220449453,0.06414594,0.10797696,0.07270645,0.17735958,0.037610617
6220460253,0.2677306,0.37804317,0.2907836,0.41149053,0.2773255
6220468853,0.040544223,0.039253883,0.08933386,0.119280055,0.04120598
6220468992,0.065019794,0.05955905,0.05367934,0.14438704,0.051786657
6220469253,0.06085279,0.0497801,0.081313714,0.118153,0.05183168
6220469632,0.0682376,0.10653138,0.11801515,0.06398933,0.07950178
6220469702,0.058822267,0.117912546,0.026616443,0.20816104,0.031251688
6220469862,0.08566201,0.022097014,0.06762216,0.14013486,0.06922878
6220470363,0.050916627,0.12912554,0.03896505,0.12903543,0.07298522
6220471113,0.053789806,0.06382878,0.06206241,0.16868396,0.057393778
6220471483,0.045834996,0.07784429,0.06600872,0.25860533,0.051165927
6220471493,0.046155527,0.036271647,0.06740245,0.1737788,0.033791006
6220471502,0.048344716,0.07524124,0.06518153,0.08182976,0.07914079
6220471513,0.051649526,0.08540967,0.116626136,0.10416078,0.03491514
6220488723,0.29894593,0.18356708,0.3081238,0.2119924,0.08570974
6220500922,0.021741709,0.06800453,0.08121371,0.12425972,0.0059021497
6220503743,0.19257516,0.18303315,0.11662648,0.30793574,0.26501596
6220503893,0.01704483,0.010216235,0.03498462,0.048021812,0.008977693
6220504922,0.01286002,0.02605795,0.029398356,0.14167562,0.022308512
6220504992,0.04211644,0.043331448,0.03326303,0.084309004,0.040871404
6220505512,0.05611715,0.016408002,0.040399197,0.14872284,0.08032518
6220506183,0.025731523,0.05624224,0.04896465,0.10615762,0.030315015
6220506222,0.015354285,0.022667788,0.025057245,0.110322386,0.010018549
6220506262,0.038762324,0.027433874,0.06089069,0.09509341,0.016815774
6220506272,0.04023083,0.062431373,0.03892423,0.07506044,0.04539186
6220506352,0.020528104,0.050028898,0.057103682,0.13834831,0.017548395
6220506363,0.030154228,0.023057837,0.06238985,0.11367433,0.020228518
6220506373,0.026068702,0.02896408,0.056668643,0.068772465,0.022936158
6230000133,0.002540315,0.0062147696,0.0075071957,0.0062060235,0.0028598798
6230000193,0.01267551,0.0010721313,0.0078419885,0.005623743,0.0044268286
6240067663,3.0139318,1.8311956,1.4791968,2.3342457,2.5188994
6240068023,2.4580252,3.0781565,3.2889419,3.3594792,3.153689
6240068033,1.4934654,2.2296488,1.1112653,2.681918,0.6630047
6250004293,0.42424452,0.4164799,0.2778579,0.72461313,0.5714104
6310010332,0.039144535,0.015122519,0.074915744,0.0985423,0.0056090653
6310037682,0.014110971,0.008281458,0.0069537326,0.018754521,0.0046676886
6310043542,0.01871789,0.068639316,0.02872225,0.028251374,0.02906852
6320006242,2.5737867,2.311231,2.4941819,1.9046361,1.9944266
6320006943,1.2453873,1.048738,1.272953,1.3429191,0.63217574
6330057543,0.23132807,0.38597065,0.5469176,0.13198692,0.28167793
6330057553,1.0470387,1.4308677,1.3212456,0.90088594,2.0401268
6330098593,0.3024112,0.65305805,0.25382167,0.9218989,0.4577128
6340007053,3.3033562,4.3419228,3.3675199,4.62836,4.134962
6340032833,2.5280654,2.499548,3.0302181,3.2169766,2.3463905
6340036243,2.5451477,2.5861783,1.3067133,2.1048002,1.9868056
6340036253,0.79241836,1.0531348,1.2830834,0.8314272,0.879517
6350001313,4.461712,5.4817724,4.2573166,5.2928476,5.046401
6350007853,0.04785357,0.062246677,0.039535888,0.07143057,0.059939403
6350041623,0.11455912,0.11621748,0.35518146,0.067180514,0.051435065
6350042213,0.6953597,1.1073201,0.5119068,0.69730353,0.9781376
6350043003,0.4093128,1.613936,0.7681055,0.48382288,0.3507475
6350043412,0.043749053,0.0044308426,0.005056061,0.015027745,0.0055014966
6350044652,0.11799559,0.24039139,0.15020798,0.043894086,0.06526767
6350044683,1.4381785,1.1498574,1.507158,2.3626595,1.4410837
6410003212,0.06144728,0.032488067,0.037197173,0.03855215,0.020494154
6410004982,0.3570851,0.19964437,0.3891975,0.28213397,0.35525703
6410011693,0.38892135,0.22217517,0.5804063,0.34489417,0.34832728
6410011713,0.1666683,0.22697647,0.27621743,0.29581314,0.3802576
6410028953,0.12581608,0.14834249,0.24165803,0.30062807,0.34435624
6410063612,0.013718835,0.009044428,0.01541447,0.011061689,0.040380463
6410063653,0.5396826,0.57009643,0.53236705,0.46982864,0.5509993
6410063663,0.007643479,0.0072730863,0.009911084,0.007547573,0.004654579
6410150523,2.2638116,3.6021116,5.052813,2.778554,2.7361019
6410184592,0.012147586,0.10973045,0.044017103,0.12881632,0.03880457
6410206363,4.9447603,4.2923546,3.7684908,3.0357556,4.405618
6420034372,0.657437,0.47651222,0.61398983,0.52692455,0.6319054
6420066843,0.0076236348,0.008231663,0.04241478,0.066950545,0.009446501
6420083532,0.14444916,0.049634837,0.14255689,0.110343575,0.08247172
6420083932,0.05919304,0.094846256,0.08936736,0.08092665,0.09111744
6420084142,0.07779155,0.0911179,0.07454332,0.07018817,0.10271433
6420084152,0.055304736,0.045619003,0.09939876,0.05594536,0.029859044
6420084162,0.03294468,0.035039313,0.049229,0.087060034,0.043669686
6420086642,0.14108086,0.105804086,0.13299066,0.11917292,0.04577514
6420114122,0.29914513,0.35691792,0.52788293,0.34031436,0.67626977
6420123542,0.33149493,0.22729568,0.18728614,0.6329631,0.11855295
6420124472,0.10077668,0.15435785,0.15201706,0.12994081,0.10280993
6420163252,0.16620018,0.16669922,0.35542282,0.4132433,0.92503256
6420166872,0.47888815,0.16574675,0.41871235,0.54979527,0.55427563
6420218572,0.19792832,0.4521974,0.5282211,0.5309531,0.6363111
6420252653,0.6172533,0.4609216,0.67544585,0.527925,0.6147343
6420283962,4.87865,5.3394747,5.9844193,6.4405446,6.4634414
6420289992,4.8995466,5.4742928,5.651271,5.988312,4.7301803
6420290033,5.6843095,4.725318,5.823111,4.440391,5.329019
6420290043,4.8972344,4.453256,4.999295,5.393939,5.92422
6420297123,3.3053374,3.2759905,3.7759614,3.2395928,2.7409039
6420309953,3.9045956,4.6625485,4.628629,4.2956576,3.5876317
6420318632,0.8453153,1.8316592,1.5065279,0.45910817,1.9791949
6420320993,2.461554,2.3721664,3.2079802,1.0799121,0.7666161
6420321013,2.1306877,2.1481116,2.5973003,2.3726907,2.1697023
6420321073,3.9787765,4.750997,5.2600255,5.238392,6.0591407
6420321093,2.1810951,1.8114578,1.7847694,1.6809171,1.530005
6420321443,2.6994524,2.2219236,2.4340472,2.3110902,1.6273911
6420321453,3.1233697,2.4892569,2.332316,3.4461164,2.427875
6420321733,3.5074503,3.4480815,2.987461,2.788886,2.9200497
6420321803,2.0166495,3.2579548,1.6216283,2.3943336,2.9430876
6420321813,3.4093447,3.4844499,4.352682,2.9517908,3.2208815
6420321833,3.46203,3.705632,4.26923,4.5719666,3.6212249
6420321843,1.0679678,1.4041533,1.4933262,1.580562,2.0673194
6420321853,1.4211724,1.8075366,0.92894435,1.7800224,1.7983384
6420362692,0.45414776,0.43609366,0.9453802,0.54743135,0.92738587
6420377862,0.92112416,0.52572846,0.6239382,0.68321824,0.41903573
6420452233,1.3384595,2.9443188,1.4377415,2.2035959,1.8261435
6420452243,1.3978847,1.9228477,1.962632,1.6792365,2.0083048
6420453513,2.2653449,1.8387918,2.487372,2.2458968,2.5145786
6420453523,2.0654745,2.618205,1.940936,2.6001089,2.1277444
6420468053,2.4860525,5.2576337,3.0420399,4.862837,2.20306
6420468623,3.92187,3.9077618,4.7916675,4.0237617,2.7994714
6420478343,5.4463334,4.2849164,5.2979093,4.3228626,3.72201
6420513243,3.922258,3.1393175,3.5791602,3.5789008,3.44519
6420513263,2.380654,2.7247343,2.106543,5.27335,2.7193286
6420513353,2.1778936,2.092507,2.7389684,3.5840254,2.7299676
6420513453,2.2676485,1.9322033,2.9481664,3.0695825,2.9286232
6420513513,5.960186,5.3060904,5.6097374,5.8072305,5.0176377
6420513573,3.7989507,2.3024614,3.1187418,2.9133062,1.9482987
6420513583,1.8617423,2.9963353,3.4632802,2.3592649,1.7844652
6420513593,2.2788844,2.8178518,3.0188942,2.9488623,2.7128503
6420513613,3.4313965,4.290833,5.1369414,4.330241,4.956417
6420513623,4.4791317,5.6916804,4.372143,4.541241,5.1714387
6420513633,2.8635523,3.066867,3.1417217,4.2917323,3.3830714
6420513643,6.2154913,4.9956484,4.215367,5.593735,5.4789453
6420513653,2.12405,3.6736784,2.8052099,3.4183855,2.8404803
6420520662,0.49798205,0.5403149,1.0187013,0.6568434,1.7294272
6420520673,2.2569063,2.188353,1.6484913,1.5071344,2.2830172
6420523362,7.1370993,6.8866706,7.7044005,6.4166846,6.7412086
6420530103,5.7545414,5.6573057,5.7547445,5.684264,5.3435893
6420530233,5.556325,5.782604,7.0991116,7.6791954,5.592149
6440011952,0.5549359,0.31378108,0.6882652,0.35324836,0.502113
6440011962,0.41314113,0.35253552,0.74194455,0.3189543,0.5904002
6440012322,0.5056079,0.7256267,0.7393466,0.76888824,1.2099229
6440012352,0.8749651,1.3426646,1.0751294,1.4044731,1.4573692
6440012362,1.6259803,1.4266512,0.69296694,1.1983602,1.2177433
6440012983,3.0629454,1.3677608,1.3386321,1.900925,1.8378981
6510003382,0.39946234,0.36129558,0.872689,0.97744954,0.6364452
6510008722,0.46233675,1.1482835,0.18060715,0.871859,1.1195872
6510009002,0.16080709,0.8502211,0.64147955,0.58405125,0.81759316
6510015472,0.02306727,0.013961473,0.010951474,0.004980306,0.01719157
6510021102,0.5615832,0.666533,1.0914515,0.59152895,0.7819008
6510050002,0.565845,1.0907582,0.4047762,0.6090512,0.23320918
6510050112,0.37239897,0.58837515,0.6781218,0.69876075,0.5723409
6510139032,1.3538766,1.1143615,1.3544737,0.7855605,1.0504107
6510144772,0.0066579073,0.0024657573,0.0015368314,0.0045923125,0.0073910155
6510185012,0.5544772,0.56513,0.278238,0.9372569,0.28183207
6510228393,0.052099288,0.15569228,0.19141437,0.10133456,0.17631492
6510228822,0.5602383,0.5148773,0.47674954,0.6473409,0.44859272
6520002383,8.75465,9.757844,8.7586355,8.261775,9.757139
6520002392,9.163193,10.063441,9.283385,9.9722595,7.682354
6520008143,1.8203719,1.7787794,1.50064,2.5316806,1.8628614
6520008572,1.2131863,1.3600675,2.032005,2.159961,1.8646281
6530024222,8.419941,7.3838663,7.5501485,7.7937574,7.7648487
6530029102,4.23475,6.1910157,4.4628587,5.7486634,4.4338446
6530029163,2.0588744,1.1171561,3.3858783,1.2766033,2.0883703
6530029232,7.314644,8.47079,6.7897954,6.6495976,7.2386
6530029323,1.7086358,1.9368366,1.8882287,1.7636365,1.4932948
6530029383,1.2634095,1.2693558,1.2499086,1.3021184,1.1334889
6530034913,1.929913,1.5064199,1.8732469,1.8920375,1.5431988
6530037053,1.2802553,2.7492661,1.4929378,1.7555918,2.0867102
6530063023,5.5684595,6.3760533,5.9610066,6.351189,7.107041
6530063353,3.7428703,4.320835,4.294839,3.9152918,4.0300303
6530063603,5.626348,5.2469277,5.07515,6.1286674,5.8711185
6530064272,6.0480556,7.3870425,6.9263515,6.5289173,5.43695
6530064712,7.736831,6.2623444,6.7855377,4.442889,7.0073743
6530064733,6.8332195,7.0285144,6.0252347,6.8413796,7.220515
6530064743,6.081876,5.4909654,5.9506397,6.4081125,7.2194095
6530064763,5.754118,4.575169,6.002527,5.471947,4.9815993
6530064943,2.376513,2.84453,2.4327393,2.6129122,2.7444072
6530064953,6.740682,5.4463806,3.939447,4.789819,3.412078
6530068812,0.9628553,2.328636,2.865135,1.6566665,1.6267537
6530068853,2.947536,2.4791946,3.2381868,3.3508344,2.4244606
6530079823,1.0941955,0.47796112,0.9646062,0.86432976,1.032743
6610013272,0.28073612,0.18479054,0.20324811,0.60708106,0.22632354
6610024522,0.5733638,1.1090848,0.5699557,0.95976037,0.99534774
6610024782,0.91300833,0.7125761,1.9757869,0.5551483,1.0594275
6610028392,0.0033792634,0.0028837903,0.0026318799,0.011788396,0.005582614
6610029402,0.15664011,0.2183038,0.17917307,0.1600931,0.18937242
6610030062,0.20325728,0.41616526,0.118263625,0.31832764,0.3313364
6610045442,2.3540015,1.2916633,0.5668079,0.92214996,0.7730888
6610045672,0.0069152517,0.009207556,0.029509224,0.0116331875,0.010470029
6610047582,0.51837474,0.3372358,0.17096098,1.0171684,0.47915694
6610047642,0.14130135,0.1670202,0.27498004,0.27170938,0.24748509
6610047752,0.20803338,0.12744744,0.16211602,0.15617675,0.17328966
6610082452,0.61022407,0.50451577,1.1669186,1.7560105,0.82924235
6610084962,1.0005529,1.9754045,2.9657753,1.8608624,3.2287512
6610104892,0.007768767,0.0034282156,0.0013822267,0.0017064551,0.0027594732
6610106032,0.0763513,0.09144734,0.090358876,0.08792115,0.103815645
6610112513,5.114348,5.6565704,5.251005,5.9918623,5.725334
6610112572,5.4799304,5.766151,6.916924,5.9781647,4.1450367
6610112613,1.8597702,1.9718068,1.1049896,2.0217612,1.870173
6610113802,0.9048743,2.5225096,3.2757401,3.3019142,2.9636276
6610116952,1.1577868,2.0997458,1.8453074,1.6484596,1.1313616
6610125672,1.0510819,1.0912478,0.9895992,1.1927736,1.0750895
6610125693,1.1926877,1.3491797,1.4329183,1.8864683,1.3324267
6610142963,4.9692097,5.3111706,5.8933926,5.12126,6.7439537
6610145063,1.7942036,0.7604042,1.4677197,0.64133865,1.901051
6610147293,0.29140654,0.16686946,0.21792707,0.25972998,0.44903862
6610147643,3.1834557,3.5836146,3.8868287,2.5563536,3.5525668
6610151773,2.1001375,1.2060478,1.7374886,2.66221,1.5675318
6610152183,6.6629386,5.647553,6.3260503,6.578553,6.9697237
6610156233,0.37890843,0.36898002,0.31629685,0.4464361,0.23755825
6620000613,4.0614595,5.9765897,3.9372492,3.7894654,4.56412
6620002553,0.8287747,1.0875682,0.81090164,0.86245966,0.65011567
6620002562,1.3870108,0.7204376,1.8850021,1.8110777,1.2668667
6620002583,0.44220665,0.5725086,0.39589256,0.46467742,0.32557392
6620005912,0.0029721626,0.04603225,0.0035530082,0.008443324,0.03666497
6620007772,15.068728,14.407789,15.07416,14.699232,16.126375
6620012033,3.279497,3.3402221,2.823929,2.2858052,2.7093477
6620015862,0.0035543158,0.020401295,0.0072330614,0.008450882,0.003916329
6620015943,0.8170022,0.52844226,1.1134471,0.75873744,0.37873358
6620015972,0.0024348253,0.0030081102,0.00030272763,0.0015583107,0.011816702
6640011942,27.38323,25.986395,27.150444,26.281258,26.128447
6640017262,29.896643,28.718409,28.59976,28.526548,29.811422
6640022782,26.578876,26.867245,26.731373,26.454355,26.306732
6640025192,25.610369,25.577166,25.526564,25.262016,25.505331
6710007552,31.742956,32.449467,32.280506,30.255266,32.15801
6720062533,0.41712412,0.657612,0.16351418,1.0114123,0.53668594
6720074062,0.24050784,0.43697578,0.33596706,0.5391227,0.4098618
7110006312,4.1825857,3.1709316,4.234419,5.012276,3.5089746
7110009172,4.040017,4.551116,3.9420652,2.5196688,4.357361
7110009662,3.5534122,3.7747796,3.9675646,4.6240163,5.683705
7110009862,4.0713253,2.4903169,4.2671704,5.731204,4.3169494
7110012843,3.8676872,3.4577026,3.6677413,3.3400726,4.3158827
7110015792,4.73203,3.834292,3.7832851,2.9512205,4.0813584
7110017272,3.8229795,4.9523134,3.8163295,4.625428,3.6217153
7110023033,3.7465959,3.8940206,5.070753,3.0106058,5.1520357
7110024722,4.0780635,3.6281495,3.6143298,2.3224537,3.2974808
7110025823,1.5623724,2.354776,5.477312,2.826876,4.2497177
7110026092,2.7849648,3.9071178,4.4756002,3.4628386,3.6363626
7110029372,3.9089394,3.2219372,3.586309,2.8773055,2.9221773
7110029983,1.9718838,4.4673157,3.2531428,4.129711,3.5969143
7110030142,3.7393613,3.5917048,4.2551174,5.157477,3.312946
7110032432,2.3098185,3.8790631,4.0376673,4.50123,1.8688357
7110032542,3.8587122,1.9002705,4.762933,3.3653855,4.1925654
7110033002,2.8113017,2.683488,3.2273357,2.1552439,4.876333
7110033862,3.816454,1.9997683,4.6663003,3.4885902,3.2163792
7110034202,2.0985005,2.792981,4.0367146,4.28405,3.775561
7110041312,2.9279292,3.2519224,3.3789134,3.1839206,3.6576314
7110044292,2.9142933,3.335494,3.6095333,3.2057412,2.9319618
7110044502,2.4156237,2.652254,3.4043927,3.4463518,2.7233503
7110044512,3.3390691,3.5616174,2.0963714,2.5464628,3.1002417
7110045352,2.6990438,3.3270078,2.2846534,2.9494786,3.385609
7110047762,3.434983,3.7541711,2.9808536,3.0889883,2.1937923
7110057883,2.3927894,2.6300926,3.6786985,2.9461684,2.997357
7110057893,2.9071712,2.8209186,2.1876335,3.585601,2.4976394
7110059603,2.8615308,3.0827107,2.5818486,2.8843307,2.254952
7110061752,3.2950456,3.0224984,3.4362934,2.9465437,2.9954977
7110061762,2.804905,2.9150238,2.755818,2.74966,3.6831062
7110062262,3.9818833,2.9828827,2.5477126,3.6250284,5.415539
7110065072,3.2892687,3.6212945,3.4958062,3.5184245,4.8496246
7110068332,3.5823662,3.3919973,4.3136153,2.9290285,3.8620746
7110070692,4.30574,3.175298,2.832034,2.8678522,3.524478
7110072592,3.2512238,4.5014324,2.6077979,3.9901218,2.7406063
7110075512,4.3308764,3.219462,2.5033782,3.6861155,3.41772
7110081092,2.1595473,2.8008533,2.340404,2.767177,3.4720755
7110083453,2.513341,2.9765017,3.2500563,3.2612414,2.8395553
7110083502,3.740673,3.4897742,2.0507762,2.4292219,1.831683
7110084472,4.351968,0.7478746,2.9309983,2.847248,2.13755
7110084592,2.4262943,2.6393747,2.4874077,2.715094,2.7560444
7110093032,2.5641954,3.0757482,2.5823536,3.0235088,3.1569486
7110105582,3.4273448,2.2395885,2.5081868,3.6672847,2.960081
7110106553,3.1627898,2.3144817,2.2204695,2.749077,2.947309
7110121632,2.3022332,2.0604813,2.6401682,3.2975955,2.6070147
7110122312,2.742495,2.5513687,2.32708,2.2141435,2.8572433
7110128602,2.01527,2.414413,2.6700797,3.742838,2.203349
7110185252,1.7514384,1.9502584,3.741893,3.0556931,2.0744889
7110186782,2.896435,2.5554414,3.2232194,3.0251255,1.6669877
7110194192,1.3729324,1.772277,3.7265522,2.31804,1.8462291
7110203263,2.158163,2.4910452,2.552329,1.9289763,1.138299
7110203952,1.8648291,2.2631586,1.6725425,2.507425,2.6160326
7110207082,1.9697409,1.3803899,3.0341053,2.0499866,2.851102
7110213822,2.3654065,1.933752,3.4476967,1.676723,2.507422
7110214033,2.3647447,2.2836523,1.9910282,2.2017663,2.4539814
7110219932,1.4821832,2.7180274,2.4118042,3.1252406,1.4872403
7110224163,1.4912521,1.7969443,2.3276668,2.0216305,1.0943065
7110224552,2.3528047,3.8643649,3.6992059,3.8418953,2.5222266
7110225252,3.793608,2.932095,2.2303667,3.4518974,3.0707593
7110226342,2.6968088,2.789495,2.9929738,3.580527,2.6879597
7110242962,2.5274491,2.3245106,3.614719,3.4074783,4.05353
7110284562,4.38074,3.8291104,2.6780448,3.2015464,3.9664743
7110319652,3.7876363,3.5372834,3.2908604,3.8788075,3.536588
7110320632,3.9836695,2.8008385,3.7435355,4.6578183,2.7303798
7110321412,4.8086343,3.2856796,2.9952035,3.5399065,3.0881073
7110326402,3.0944877,2.678903,3.667079,3.056912,2.6115386
7110333722,2.5531814,1.762727,2.1900015,2.3186514,4.885616
7110390822,2.3347163,2.232234,2.7674503,1.6542252,3.2676802
7110392082,2.0761838,2.7937093,2.9407513,3.025971,1.6832219
7110394692,2.8513775,1.1897445,2.7141962,2.4797988,3.0348923
7110409822,3.19972,2.827517,1.8990834,1.7601206,2.8057764
7110410452,2.2685225,2.7223165,3.026582,2.954652,3.1235268
7110410482,1.4050338,2.612997,3.3344488,2.7978685,2.1446645
7110419992,2.115062,2.7764988,2.3171856,2.4477403,2.6260262
7110430482,1.602217,1.8190778,2.6157968,2.4590235,3.2767174
7110432502,1.8850707,1.9595386,1.7748908,3.9384792,2.7033617
7110438452,2.5359564,3.026218,2.9613075,2.3584366,1.7368467
7110445002,2.3414407,1.9891462,2.9501204,2.433549,1.9974917
7110445312,1.6471759,3.8038554,3.524517,2.8458793,2.0293128
7110461282,2.7778082,2.772006,2.9110842,2.8440728,2.5213046
7110485072,3.0429776,1.3392109,3.2182183,3.437505,2.0702343
7110492172,3.0253475,1.8859986,1.7393978,3.309427,2.228633
7110494132,1.133016,2.7995667,2.0530121,4.0949726,2.6366098
7110502092,2.656495,2.5108974,2.267885,2.6511536,2.7866328
7110505502,2.1031487,2.4518585,3.5450008,2.9105551,2.2419686
7110505612,2.6858022,2.1210206,1.6384156,4.107047,2.815645
7110516092,2.8416219,2.0509686,2.394858,3.1032372,2.1922143
7110516132,2.1592023,2.8299177,1.8521944,3.101607,3.5071526
7110529952,2.0804498,3.6797984,2.97389,2.6083496,2.0199964
7110544712,1.6083498,1.8567475,1.4204637,3.3461108,2.5536485
7110545142,1.8069663,2.4124234,0.975795,2.0366852,2.6668267
7110556252,2.7215571,1.2718227,2.2964892,4.013827,1.6281244
7110556432,1.2242163,2.4642644,2.2583146,3.3026576,2.7868702
7110559562,2.3448427,2.2022924,2.9716055,1.4345748,2.2211852
7110570263,1.450691,1.7360432,1.9654572,2.173047,1.7146285
7110608072,3.3278103,1.7842555,2.1867924,3.2158537,2.0602472
7110611952,2.613988,1.5537813,2.5109038,2.7213583,1.8398752
7110615092,2.4020786,3.0149097,1.8873197,2.3161223,1.5610572
7110621642,2.0263844,2.4452286,2.6324391,1.6654569,3.330934
7110622352,2.402367,1.9979345,2.2220087,1.5337996,1.7921846
7110627622,2.67003,2.391231,2.1211855,2.8435528,2.212523
7110640853,2.910828,1.6404501,1.8025331,0.99382937,1.794529
7110640893,2.5232942,2.007081,2.1439953,1.8899984,1.9397101
7110648432,1.5493741,2.574783,1.7445089,2.7400022,1.357105
7110649702,2.751372,1.4986967,2.2729163,1.4007303,2.0579872
7110650052,1.2667724,2.2963192,2.4211473,1.4415696,1.403886
7110656882,1.8339148,2.0632899,1.7277708,1.7406719,1.3600991
7110668752,1.3106511,1.8622217,1.6775298,2.457244,1.3586031
7110668962,1.6357591,1.8113672,1.9879553,1.9401546,2.3041632
7110684193,1.2305732,1.8231313,1.6504152,1.818068,1.6702111
7110684203,2.190046,1.7262048,1.6164004,1.4939084,1.2594982
7110684212,1.6437037,1.4353108,1.5562382,2.3127031,1.602977
7110686952,1.147015,1.3166885,1.4292678,1.5383368,1.896184
7110687002,1.9302387,1.4670551,1.4344144,0.8284805,1.6593692
7110692392,1.2965004,1.1768515,2.551932,2.080891,1.4621089
7110710782,3.2286808,0.8151778,1.8930835,1.0803603,1.032318
7110736482,1.7453848,1.7544494,1.7811322,1.6071827,2.1314538
7110744632,2.1565878,1.9032053,1.4172385,1.574905,1.8441796
7110745222,1.1409582,1.8854595,2.3856294,2.2325883,1.0439354
7110747323,1.2399967,2.0315943,1.6735499,1.4750631,1.8774215
7110748352,2.3840127,1.7300735,1.8466,1.9070718,2.6326554
7110761022,1.8175843,2.3969812,0.9719421,1.1007078,1.7444433
7110785502,1.8705335,1.0705018,1.2272599,2.9366364,2.254036
7110837862,3.1882963,1.9560848,1.7963578,1.0865022,1.4038714
7110838672,0.946103,1.9297333,2.3337505,2.8449993,1.779315
7110847952,1.8389082,1.7505988,2.0855591,2.026271,1.6085933
7110870492,2.6355102,1.634,1.5264838,2.4515584,1.9446609
7110875492,1.7934082,1.2992133,2.537788,1.4953774,2.149494
7110910152,0.96377814,1.7402843,1.3907436,2.785098,2.6249344
7110913712,1.4525753,1.2050277,2.3511114,1.5456679,1.6320261
7110976723,0.51367116,1.0933719,0.29937145,1.1103948,0.93821824
7111072932,1.3285495,0.9170904,1.3181006,1.9700525,1.1671817
7111220753,0.91596025,0.36181337,0.2927481,0.4168272,0.42445174
7120011802,6.416327,6.1249676,6.549534,6.3655276,4.9997635
7120015353,6.4696026,7.1759624,7.3365803,5.3289757,7.1819835
7120026602,4.2781734,5.885728,5.3568025,4.9293466,6.776569
7120048942,5.4103107,6.3952045,6.0127993,5.9318876,5.8798337
7120049372,7.0489736,6.654229,6.726382,5.692286,5.2257605
7120050282,7.4465013,5.3019295,6.134463,6.3842645,5.488651
7120051882,4.8109355,4.4878693,5.9676538,5.008952,5.3240814
7120060652,5.8159676,4.486847,4.901,4.8658895,5.196666
7120070112,5.462385,6.085545,5.842136,6.7296224,5.7045403
7120072872,4.7650785,5.521788,5.235194,4.3271165,6.294931
7120116132,2.5812714,3.1351776,4.0271225,3.59735,3.5840638
7120123672,4.2262177,4.650772,3.423739,3.4534898,3.3598926
7120179142,5.8999267,5.946846,5.935129,4.3507867,5.219703
7120232953,3.1998904,3.9982991,4.3056087,3.7518263,4.055819
7120249142,3.1885195,3.2858424,3.859617,3.2266335,4.053238
7120254662,3.6464775,4.2775187,2.7189577,3.2921565,4.516436
7120266372,4.6552286,2.7870963,4.0904107,4.469591,5.463962
7120317252,4.714519,5.4196067,4.084709,4.9824343,4.742807
7120319582,2.5978167,3.9435995,3.6826553,3.7003968,3.8134809
7120384762,3.7247646,2.5292604,4.43131,3.6778543,3.7603612
7120385122,3.6591763,3.5317326,3.1414323,3.7456512,2.9796958
7120386462,3.7720995,2.9338217,4.9866285,4.2728686,2.242547
7120404892,4.292501,4.0621223,4.367005,2.3588235,2.4527254
7120409932,3.2510073,2.6518838,4.3084893,5.095916,3.0529697
7120435792,4.693647,3.3664086,3.0952466,3.4068239,4.3192935
7120521062,1.7633374,4.2671037,3.3130977,2.335946,3.1796
7120522332,2.8563492,1.2440472,1.0031337,1.38866,2.6185465
7120524232,5.462313,4.63562,3.3427467,5.995062,5.437689
7120528002,1.7924372,3.9851522,2.5898492,1.6858438,0.9711486
7120568642,2.8955781,3.5732126,3.0113535,3.9448714,3.7938318
7120571512,2.8208365,2.2550735,2.8382747,2.5076785,2.5807302
7120571722,2.8902187,1.5033005,1.4259193,2.9415894,2.171493
7120571933,2.4563797,2.7085629,1.4124628,1.7310277,1.8458656
7120573252,1.3894632,1.3774627,2.383407,2.2175286,3.7501829
7120575032,1.9640747,2.2138479,2.279972,2.8420124,2.0166268
7120576613,3.4703014,2.8033743,1.3150291,1.5924459,1.7455006
7120576642,2.8713608,2.1641,3.036258,2.5591652,2.4611819
7120582303,2.5602107,1.7871599,1.7547417,2.485941,1.5626787
7120582312,2.1020076,2.3825476,1.1054803,2.110004,2.128689
7120586333,2.3586633,1.0412147,1.3455374,2.345271,2.7187037
7120589162,2.3597248,2.2074971,1.7374364,1.8992091,1.1325289
7120589862,3.86521,1.4088861,2.0017266,1.6309114,1.5269175
7120591693,2.403311,1.9928465,1.8203809,1.3714719,1.6657505
7120591703,1.5172249,2.2811866,2.8734157,0.534301,2.0493882
7120591813,1.6906917,1.8573612,1.5258373,1.8902014,3.209793
7120603642,2.2088883,1.7146959,1.9992691,2.9115381,2.399304
7120605802,2.2588139,2.5866637,2.5869594,1.7883738,1.7169461
7120606612,1.2934861,3.079212,1.3131181,3.8602567,1.8051244
7120611732,1.9319881,1.5327538,2.375357,3.2275486,2.4184659
7120754902,2.853122,3.723177,2.400453,3.558581,2.8383875
7120754912,2.2536805,2.9150298,3.439728,2.563734,4.200288
7120759252,3.300305,3.2050831,2.7922573,3.8391845,4.179823
7120789732,1.5845159,2.4267259,2.0981436,3.0534573,2.8173804
7120795672,1.9929624,1.6039115,1.849989,1.4486153,2.17671
7120811162,3.0276341,2.412165,3.8400455,3.0822327,3.0110407
7120817812,2.701604,3.8464053,3.5453284,1.4513866,2.4746683
7120825632,3.3809052,2.9453106,2.7752063,3.348891,2.6080282
7120835772,2.9508524,2.3894634,3.0435565,2.516828,2.762056
7120837533,2.2933164,2.8427744,2.4230843,1.9361057,2.2411456
7120838102,2.417869,2.4408956,2.089191,2.6753623,2.768365
7120849353,2.0962455,1.9940262,2.1704545,2.4023163,2.56699
7120849393,2.0908387,2.0857255,1.7236705,2.0397305,3.0946376
7120849402,1.4237831,2.0741823,2.98392,2.5568395,2.1892328
7120852342,1.7927986,2.4201605,1.591821,2.3884037,2.761645
7120856153,2.5608838,1.6219922,2.385161,2.036428,2.2798655
7120874772,2.6816025,1.4824283,2.0560143,2.8799,2.6631923
7120879602,2.4251065,2.076283,2.1651964,3.5527606,2.9172728
7120890782,1.987647,2.4898517,3.5513916,2.6393914,2.2770224
7120893912,2.2029908,2.5599985,2.679733,2.3112845,2.8562777
7120897032,2.4313903,2.0525658,2.846105,2.3573875,1.7619089
7120897892,2.6938071,2.288163,1.9320754,2.1580563,2.8584757
7120900582,3.0006113,2.4003186,2.7126694,3.156066,1.6783605
7120904752,2.2151551,0.9577126,2.9763892,1.9850711,4.1813574
7120905052,2.6931078,2.4537237,1.7732826,3.905473,1.9690971
7120906562,2.111516,3.4322667,1.3594635,1.9263059,3.3976824
7120913512,4.5804014,1.3013138,2.1672344,2.7636096,2.42327
7120914852,1.4577526,1.7775699,3.8492653,1.9983525,3.9153166
7120914872,3.4480288,2.29305,2.3216457,2.1731095,2.3232756
7120915882,2.2477028,3.760057,2.1982903,3.26478,2.321651
7120921492,3.3793895,3.6612117,3.2602706,1.6200889,2.4830325
7120921742,1.8881924,3.633586,3.1814468,3.9557993,2.1159205
7120921772,4.1542273,1.9987869,3.5261202,3.0066466,1.8606917
7120931472,3.5084546,2.9247234,3.679215,1.3635913,2.9747562
7120939192,1.6143924,2.3010476,3.212527,2.4074836,2.4996178
7120939672,2.5127468,3.3864539,2.993637,2.3536713,3.572919
7120941012,2.3855357,4.032902,2.1208878,3.507656,2.5568452
7120941882,2.308256,3.4248035,3.1281648,3.1695843,3.0259678
7120941903,3.1855683,2.5766473,2.412913,2.3276448,2.817858
7120958972,1.7707464,2.8106434,3.6468284,4.235113,2.7163959
7120962182,2.2460546,2.8514416,3.3879168,3.795412,3.016766
7120975672,2.9132032,2.3386316,3.1078522,3.1111736,2.7638352
7120978972,3.5120444,2.1294618,3.4623127,3.5121946,3.2919567
7120989322,1.749722,3.1273017,3.2639008,2.5444095,2.2565768
7120989422,3.6580439,2.8935897,2.5165172,1.6670974,2.5959678
7120989462,3.5071125,1.5438879,2.848597,2.3207102,2.4486144
7120989652,2.7804317,1.9012151,1.9098326,3.1825674,3.0700674
7120990282,3.4442785,2.472871,2.794796,3.0670505,2.4116514
7120999882,2.1236422,3.011289,3.3174903,3.7675807,1.6087859
7121005632,2.4693573,1.0895481,3.0155964,2.8450017,3.2356615
7121005652,2.1140223,2.5729666,2.1597786,3.0281527,2.525426
7121019842,3.9157982,2.8441281,2.2799072,3.4771674,2.6578627
7121029672,1.9458339,3.6497898,2.588552,2.7027364,1.754211
7121029682,3.7694378,2.6615934,2.412106,3.3752398,2.0587943
7121031092,2.6054058,2.5025403,2.2755735,3.8469832,2.282605
7121032712,1.8921821,1.3993804,1.4603595,1.7427282,2.1081502
7121038432,1.6801308,1.1478337,2.453053,2.2060797,1.1240159
7121038482,2.179487,3.1888592,0.8749469,1.7406425,1.0776867
7121038563,1.4625163,2.154118,1.4106717,1.8821305,1.5556142
7121077822,1.4590652,1.8389214,1.3624463,2.943485,1.4919149
7121077882,2.6678326,1.2324686,1.7236183,1.0714236,2.190259
7121080192,1.9900916,1.6275971,2.7028193,1.2584808,1.4239483
7121080242,1.8373414,1.9032406,2.0446565,1.6911736,1.3303772
7121080262,1.582266,1.8795706,1.7251159,1.9608707,1.7537218
7121080342,2.601517,1.2261568,1.1631709,1.5763549,2.2093563
7121090872,2.011363,0.9343994,1.3772031,1.8610958,1.5035856
7121101983,1.3403816,1.4525347,1.679296,1.6503489,1.4231031
7121106912,2.250646,1.425894,2.297469,1.170621,2.0517964
7121109582,2.8492048,0.5855126,2.0192914,2.1041481,1.4356104
7121118532,2.3137546,1.759945,2.480876,1.505805,1.6634923
7121119182,2.111062,1.708229,1.7875729,1.7037437,1.5940164
7121119272,1.1327,2.11482,2.0386457,1.8418436,2.3199728
7121119382,1.8464018,1.9402632,2.332473,1.141154,1.6834958
7121119412,1.9620912,2.285007,1.7020106,1.7235777,1.5792913
7121120122,1.5712705,2.212062,1.6351712,1.7099004,1.8136213
7121120172,2.3120232,1.9206207,1.471192,1.9030328,1.3094287
7121120202,1.4097265,1.2458427,1.8028022,2.3225381,2.136541
7121120312,1.9480445,1.4970374,2.0388966,2.0366325,1.4154391
7121120402,1.8706151,2.0197308,2.0156956,1.9622673,2.4393504
7121124202,2.1975005,1.4018049,1.9031866,1.7193394,2.7981138
7121127592,2.7670057,1.9093374,1.9424471,1.8139724,1.3315536
7121128163,1.8738558,2.9704804,1.2374086,1.3021624,2.3552485
7121130282,0.5108549,2.563902,2.2107475,1.4670756,2.098616
7121133972,2.3263583,2.1300225,0.8931423,2.6350822,1.6130495
7121134082,1.6063026,0.70769787,1.6654748,2.259944,1.6001344
7121134092,2.2401419,1.4597747,0.9391729,1.6644197,1.5352414
7121134183,1.6798949,2.2424386,1.7126474,1.4806532,1.0509118
7121134203,1.4279613,1.9368486,1.7672627,2.0329728,1.312502
7121143892,1.280152,2.2650099,1.5983206,2.3058484,1.7049977
7121146512,1.5567977,1.1257621,1.4968255,2.2255611,1.0904264
7121148572,1.3518865,1.9616724,0.8911581,1.1410023,1.7289609
7121148702,1.6249354,0.9876142,1.6596084,1.1492226,1.2400086
7121156042,1.2106616,1.6262928,1.5428239,2.6795115,1.6402929
7121156282,1.0251889,1.4343462,1.1251831,1.6000108,1.2912279
7121156422,0.86160886,1.4869993,1.5206785,1.9526517,1.9113011
7121156472,1.1809608,0.86767465,0.9828812,1.2559927,2.0298705
7121156493,0.91356945,1.4822317,0.78115743,1.7150805,1.9921474
7121156542,1.2897204,1.2424694,0.90974396,1.3971589,1.4893484
7121156692,0.8270969,1.0632483,1.0674663,2.3525398,1.7753221
7121161732,1.2568902,1.6455698,1.3920994,0.8836351,1.3007944
7121168622,0.7045182,1.0422066,1.864875,1.5721595,1.4103392
7121168842,0.9511726,1.2129294,1.3808209,1.7001224,0.9301485
7121168993,0.9589465,1.0675144,1.3018962,1.2607242,0.87985736
7121196472,1.6049724,2.7634165,1.6030247,2.3845024,3.0078473
7121202232,2.267696,1.2611709,2.0659912,2.7671914,4.054146
7121202802,2.407906,1.2588415,2.9769843,3.2085886,1.4221821
7121213342,2.3642802,2.336125,2.6296139,2.2761614,1.2120224
7121213963,1.7445203,1.7365274,1.4234523,3.497799,1.8963568
7121228262,1.6227678,2.801275,2.0797992,3.0540562,3.1349833
7121230132,2.4648042,2.9835718,1.8246386,2.8458962,2.6351864
7121230672,3.6118019,2.2992303,1.543109,2.8513296,3.4771051
7121231202,2.5928688,2.8566718,3.420261,2.9990225,1.910169
7121239802,2.9184551,1.6744118,3.0112815,2.536678,2.5440207
7121240222,2.850419,3.1849551,2.8032362,1.7836823,2.1732998
7121240382,2.3843157,2.635321,1.7383488,2.5320084,3.1000676
7121241912,1.9890096,3.0881274,2.702347,3.05352,2.8047566
7121248342,2.2618878,2.2372746,2.41103,2.520502,3.8439937
7121250752,3.123404,1.3440622,2.2122793,2.0544806,2.4630013
7121254092,2.4097753,3.3109994,2.5066538,1.6447935,1.5294976
7121268002,2.0353389,3.3305845,2.319375,1.8477371,1.8175416
7121271572,1.9066497,2.7244527,1.7667933,2.2739263,2.3413286
7121278752,3.000947,2.483303,2.8669703,2.8925912,2.4626186
7121290022,3.0224872,2.2097647,2.4733322,2.7591014,2.522103
7130011282,2.4847934,3.1042614,1.9350996,2.0045645,4.152976
7130011292,1.6474304,2.4631174,4.7287984,2.6193662,1.9896381
7130016242,2.7213151,2.525744,3.170378,2.7849956,3.426868
7130016362,3.023977,1.5877872,3.7289622,3.9068623,2.644317
7130016372,2.533072,3.896906,2.519267,3.1317716,2.7610836
7130022862,2.7269876,3.0602279,3.9083056,2.803825,1.3588997
7130023062,2.3580546,2.2736108,1.6172249,2.380059,1.6417615
7130039622,0.6927158,2.830868,1.5160052,1.9093314,1.6611623
7130056422,1.0681225,2.0074787,2.6022274,1.1081983,0.9058751
7130057092,1.0126288,1.8078159,1.0320047,1.8897656,1.6558056
7130057213,1.8584784,1.9053233,0.9158328,1.8406248,1.1467181
7130063512,1.0910301,1.7709773,1.6271186,1.441699,1.466986
7130064072,1.8210894,1.4754285,1.096188,1.2704495,1.1760519
7130067422,0.96516436,2.0296497,1.3955269,1.2309209,1.1807735
7130067842,1.1845311,1.0022248,1.2687678,1.6969008,1.7982383
7130067902,1.4075096,1.0329398,1.1503651,1.5078577,1.9484392
7130068882,1.5083369,1.0157992,1.584234,1.140926,1.5700049
7130087022,1.6656685,3.2643063,2.1545072,1.1125294,2.105686
7130089002,1.7638131,2.9741497,1.2015848,2.0758812,2.3445034
7130093382,2.331367,1.6904359,2.40287,2.0255613,2.8227212
7130096352,1.8635132,1.7091327,2.6897497,1.973793,2.544486
7130107232,1.4457868,3.2161493,2.3489714,1.0412064,1.5095673
7130107303,1.1710035,1.1489323,2.2521887,3.2531567,2.1296582
7130107312,1.8519762,2.3591993,1.8260741,4.297124,2.096819
7130107333,2.1725225,1.8754483,1.4578539,2.1473126,1.9105635
7130115052,2.4609141,2.239914,3.8594532,2.37083,2.6088023
7130115142,1.7839621,2.5109205,2.663132,2.9010675,3.3027966
7130118552,2.725223,3.0290227,2.2656736,2.644744,3.1602669
7130130152,1.8604262,3.8630912,2.658117,2.519802,2.6359355
7130130192,1.9745886,2.762866,2.698886,3.046791,3.220367
7130149312,1.361503,2.6929567,3.710619,3.18933,2.2315683
7130149352,2.07155,2.7305646,2.072085,3.5719228,2.7532868
7130149362,2.4435663,2.909006,2.1373417,2.8050897,2.9744163
7130149392,2.894796,2.5365105,2.4410095,2.552639,2.7604647
7130149452,2.4685783,2.5040429,2.61207,3.1315534,2.3877554
7130149512,1.3032407,2.9572363,2.7415984,2.7849793,3.0379949
7130159262,1.850673,2.685565,2.9186182,2.9425397,2.8145738
7130168502,1.7867162,2.6946726,2.523715,3.8195915,2.0088
7130170932,1.2720402,3.1054528,1.4795508,3.1635158,2.9112673
7130176832,2.8567548,1.7286812,2.5479438,2.4778445,3.1863
7130181753,3.6904793,2.2046492,1.8141354,1.3678337,0.8967751
7130181772,1.9418329,2.3631792,2.72949,3.1619143,1.7453994
7130181853,1.9578737,2.0740273,1.1578538,3.1692195,1.616151
7130202282,0.8645736,0.93027836,2.5811281,2.6144056,1.984866
7130207772,1.0239737,1.7435346,2.6139088,2.3875513,2.2966952
7130211012,1.3706261,1.5453973,2.342638,2.0153675,3.099262
7130211022,1.7015209,1.7837954,2.5043142,1.5190657,2.9040272
7130241092,1.7143819,1.9093127,2.020732,1.5971003,1.5515025
7130241672,1.1682702,2.3119092,1.4563031,1.3565019,1.608998
7130241832,1.3375874,1.5128204,1.4215181,1.73225,1.8995773
7130242782,1.4633757,1.0107795,2.2828634,1.66139,0.70370924
7130255673,1.1685818,1.1793432,1.8210976,1.2728608,1.1379633
7130255812,0.743934,1.1816344,1.6183729,1.5288404,1.5466574
7130255822,1.27302,1.2119118,1.1374748,1.5458621,1.3302238
7130255923,1.1977317,1.46924,0.80487776,1.456692,1.3385496
7130255943,1.7771463,1.1469982,1.1397938,0.96970177,1.3455168
7130255953,1.4959502,1.1964259,1.6015532,1.1002647,1.5418066
7130255963,1.9289601,1.0926285,1.3756077,1.2282097,0.9067294
7130276572,2.3676338,1.3324661,1.6383858,2.2362761,1.3463227
7130276882,1.4531647,1.1605928,2.0607305,0.8847965,2.6599133
7130284073,1.7890172,1.2895426,1.6660784,1.5039167,1.6607176
7130287692,1.2442597,1.3918946,1.2744728,1.1218873,1.636709
7130295482,1.1474255,1.2513226,1.9282894,1.9587753,1.0191555
7130295983,1.4959259,1.5403593,1.150032,1.2024611,0.84152997
7130295992,1.4872215,1.6369151,1.3529376,1.3526852,1.8485991
7130312552,1.2052466,1.6175222,1.0874885,1.4023083,1.4423369
7130312873,0.8220997,0.9882586,1.1919925,1.3090318,1.7877897
7130314822,0.92826587,0.7749031,1.6244394,1.226625,1.0196575
7130323702,0.38819405,1.2263696,1.4369571,0.9670964,1.0649842
7130329252,1.5276092,0.8330908,0.9389188,1.1404747,0.95996815
7130336182,1.1986501,1.1784492,1.2065585,1.1954746,1.2788252
7130339232,0.75188035,1.2361116,0.62052715,0.8899084,0.5536879
7130339243,0.97445196,1.3339204,1.2496643,1.3346925,0.5153854
7130343752,2.397093,2.1731265,0.47517633,1.8932188,1.6655114
7130352882,1.4425952,1.9111917,1.6413031,2.2322035,1.482233
7130353092,1.8996645,1.8165743,1.0908722,1.7749552,1.5540681
7130353152,2.8070023,1.7422198,1.4978051,1.4740088,1.0951889
7130358642,0.6622463,2.4098244,1.2791979,1.1414572,1.028834
7130360932,1.4348403,2.0150695,1.0383451,1.3956499,0.87190026
7130360943,2.0315466,1.0345145,1.2286342,1.6230915,0.8325217
7130360953,2.1050422,1.1930387,0.77442825,1.0397904,1.6861839
7130381323,1.3364878,1.6048994,1.6604617,1.6992059,1.9690986
7130389252,3.2047465,1.0906794,1.7185464,0.949431,1.5289378
7130404282,1.1711437,1.6659578,1.41193,1.9335172,1.4782976
7130420792,1.9111214,1.9661683,0.98298645,1.1501001,1.6652808
7130512542,2.6624115,2.3956556,2.1544538,2.361057,2.5961833
7130512592,2.1060996,2.3126583,3.9343934,2.445824,2.5367465
7130514672,2.126685,1.8834614,2.610505,2.8027353,3.0098107
7130521912,2.6411016,3.0599709,2.1306632,1.4558775,1.2446753
7130529472,2.6270294,2.5822535,1.1384909,2.6512601,2.046677
7130531952,1.933506,1.7000618,1.6519406,1.765626,2.670093
7130536323,2.2782843,2.4222891,2.2953525,2.049549,1.8488088
7130536532,3.0205698,2.3163025,1.7863753,2.4182856,1.9479378
7130540062,3.3802752,0.71579236,2.0424168,1.2848262,2.2423382
7130549462,2.2505946,2.1563993,1.8372577,2.3766146,1.8564543
7130562672,1.6402444,1.5596976,3.4394271,2.5822158,0.7817136
7130562912,3.0179794,3.088211,0.94701487,1.563533,1.7108618
7130593323,2.1247413,2.1635852,2.1154795,2.7578237,1.940264
7130600093,2.137357,3.0731122,1.9374633,2.0494337,2.7333899
7130601262,1.219813,2.206598,0.678138,2.0463412,2.7915382
7130601272,2.3556867,1.5480233,1.7738279,1.7303605,1.8250072
7130661903,2.8387578,2.2336283,1.1526015,1.8563727,3.434991
7130661913,2.186551,1.6109883,1.6977125,2.5909958,1.4524975
7130661923,1.2711251,3.0345132,1.728019,2.4736896,1.0280252
7130662413,1.5218967,2.0023944,1.8267293,1.522548,2.3470283
7130662643,2.2058585,1.6454955,2.7683325,1.4644564,1.6484814
7130665183,1.8476514,1.9885056,2.3582416,1.1483598,1.8791795
7130708772,2.0649252,2.6409724,2.3664742,2.813653,1.648849
7130708782,2.634386,2.658005,2.1656067,2.6138606,2.4435308
7130722693,1.8784542,2.6163435,1.3262932,3.1448238,2.4849052
7130739502,1.337176,1.2737702,1.0225143,3.164,3.637273
7130751362,2.366516,1.3925794,2.4775367,2.1322737,2.2182314
7130756342,1.887177,1.4259737,1.7809838,2.3813884,1.5440019
7130756353,1.4460043,1.5441254,2.2477245,1.9519358,1.8773974
7130756363,1.6638484,1.4440099,2.708699,1.8250749,1.8795592
7130764252,1.9635463,2.8290699,2.2374403,1.8955895,1.8600948
7130801893,0.98528206,1.2709028,2.4811163,1.7843635,2.0433364
7130810642,1.7568914,1.3261713,1.8768275,1.6779863,1.9338953
7130813613,2.2069426,1.5902928,1.3563339,1.7773746,1.2402947
7130813693,1.864808,1.596849,1.6989722,1.5528727,1.7774373
7130827842,1.5911324,1.7653214,1.5211351,1.4585065,1.4064715
7130852073,1.2377725,2.1646442,1.8667376,2.2800405,2.173798
7130852202,1.5463982,1.6730852,1.2077457,2.6527364,2.4609604
7130853502,1.1611496,0.8905615,0.88357246,1.2252041,0.67550963
7130886542,1.1101308,1.7843286,0.7264081,1.9010445,0.9358192
7130927482,1.4209608,0.8643523,1.7130167,1.6666483,2.1723108
7130936732,1.3729173,1.5803888,1.514835,1.9108984,0.9508546
7130936742,1.0776778,1.3161268,1.8894265,2.1423457,0.857306
7130958802,1.3866493,0.9568083,1.341023,0.9685745,1.2813895
7130963472,1.0508792,1.4397659,1.7612735,1.2710629,0.4908539
7130968852,1.3625195,1.291518,1.1072173,0.3998204,1.8747426
7131071872,0.23501724,0.8229114,1.735307,0.4352372,1.0058303
7131108752,0.82477033,0.34119764,0.98191214,0.8036906,0.71100616
7131196472,0.6659923,0.7025191,0.6643811,1.0649776,0.8808401
7131245022,0.8242983,0.94654,0.6980884,0.6371805,0.4887932
7131254532,0.6766275,0.53246856,1.348963,0.8108741,0.28942183
7131429042,0.24112967,1.0251716,1.0922744,0.97424716,0.3215729
7210003052,1.9879622,2.1556907,1.742369,1.9868705,1.3331399
7210007142,2.7530088,2.5512292,1.6836785,2.1355243,1.2099328
7210038073,0.03698467,0.078700475,0.019147856,0.0058043557,0.027788475
7210055112,0.16492125,0.15825053,0.1726291,0.095245674,0.10486355
7210070412,0.026979448,0.054530777,0.057825647,0.097549215,0.11751836
7210074122,1.1660571,2.886127,2.8546562,0.98653436,2.8757358
7210074353,2.018148,1.9341644,1.2548958,2.4306793,2.6249914
7210074393,1.28218,1.1693996,2.6169548,3.0261822,2.1675487
7210086943,2.959652,3.5728538,2.3801303,0.990073,2.4745412
7210093532,2.403173,1.9416882,3.738399,3.0980296,2.244046
7210094762,2.1923966,1.9807407,2.617413,1.5067877,1.3461205
7210102203,2.2144115,1.8975967,1.995401,2.7561727,1.6495858
7210104292,2.0381703,1.7084064,2.144144,2.933599,1.2564564
7210105763,1.396103,1.7856414,1.6414086,1.4614729,2.3588603
7210105773,1.326685,1.6958833,1.9194108,1.796169,1.7564945
7210106062,1.6671786,1.7879328,2.1674345,1.1259629,2.6299038
7210108103,1.6245141,1.608963,1.2329525,2.6806438,1.7354329
7210108142,2.1415749,2.5510519,1.3075253,3.1932354,2.4378366
7210108202,1.7432959,1.7770662,2.0832052,1.7643535,1.9132484
7210108213,1.7106392,2.4522018,1.2258353,1.9216318,1.8217943
7210108312,2.0411072,1.5835803,1.6500269,2.5790658,1.834012
7210109122,1.8803223,1.8750767,1.0855175,2.7268345,1.508038
7210109133,1.0056444,2.5781465,2.252345,1.8697097,1.2894366
7210109432,1.0709836,1.7891033,1.7277937,1.9905471,2.6615598
7210113732,2.1951017,1.5371752,1.4167901,1.4827391,1.8147523
7210125972,2.8719616,3.0459,2.0799508,2.3238134,3.246556
7210126522,1.1982207,3.0214548,2.563079,3.8667488,2.9108067
7210126962,2.5966156,2.2114236,3.3858192,3.839418,1.5289038
7210127302,3.590785,3.2197132,2.4126995,2.8457265,1.4624667
7210141302,1.3358933,2.7104244,2.3586998,1.8588817,2.1888752
7210142542,3.1381552,1.9055347,2.0294263,2.2635934,3.3979464
7210145512,2.3064437,0.66248846,3.6337,1.0143818,4.1502995
7210145732,2.8708694,1.4021746,1.8331863,2.039861,3.817134
7210147962,1.4017054,2.2007422,3.7964263,2.2242854,2.103823
7210147992,2.0434425,2.35477,1.8757844,1.5794039,4.5373907
7210149132,1.7202512,2.0668743,2.756607,2.1840208,3.0454273
7210149162,2.362711,2.043526,3.2587838,3.1361732,1.9386914
7210151892,2.3233593,1.6101347,1.5239009,2.7434704,4.9903526
7210156312,2.7919087,1.6919899,3.3398604,2.4024754,2.4809964
7210156512,1.2408605,2.9474666,2.7995768,2.9436278,2.5744894
7210161452,3.861149,2.0205433,1.8412573,2.7938294,2.3392859
7210161882,2.1128478,2.391725,3.6348062,2.4317007,2.9259124
7210175572,1.4861451,2.0887012,2.7134256,1.19853,0.9407383
7210180922,2.093489,1.728432,1.1092736,1.7351145,2.1226969
7210183293,0.44670662,1.7458433,1.0660077,2.516445,2.2750428
7210187882,1.6206789,1.9014609,1.9438119,1.1294094,1.1768931
7210193242,1.9964321,2.3839467,0.93545806,1.2799016,0.749307
7210198952,1.3505409,2.1618652,2.066035,2.1836128,2.091693
7210198982,1.611884,1.7316438,1.9672532,2.9008005,1.5326324
7210199183,1.7583752,1.6432177,1.6116344,1.7830191,1.6097939
7210219262,1.2453591,0.6948049,0.4780846,1.5659623,0.65827715
7210232583,1.3340266,1.8108063,1.4475772,1.4802032,1.2844803
7210232813,1.2227348,1.513336,1.4954056,1.4130787,0.83290565
7210257142,2.6063592,2.274356,1.6105676,2.7234478,2.158257
7210266822,3.3528986,1.8608009,1.0416671,2.5388653,2.637587
7210274772,2.7961304,2.867959,1.6965129,2.5153098,3.2182875
7210278252,1.8816651,1.7161741,2.3327038,2.1588514,2.4461188
7210278942,1.3553679,1.8592236,1.2522446,2.7779202,2.7028255
7210284402,2.415573,2.1946115,2.0706437,2.331624,1.3325071
7210304452,2.6891084,2.3030446,1.4697536,2.4812021,1.7015102
7210319932,2.7250316,2.5306206,1.9679525,1.2987497,2.549424
7210354462,1.8929539,3.1228142,2.0575888,2.4748502,2.061881
7210354492,2.7765296,2.227306,2.3152642,3.1734383,2.5591118
7210375522,2.1513047,3.6864576,1.5878297,2.217581,2.1413128
7210424433,1.921044,1.6764228,2.1176474,1.9646847,1.9514874
7210446412,2.4714034,2.6253219,1.2743522,1.7747817,1.9055092
7210474252,1.0871588,2.64504,2.4179318,1.3493358,3.526186
7210552752,2.1976705,2.5698688,2.8501887,2.1738327,1.6580378
7210575032,2.1332748,2.974538,1.399289,1.935573,3.0301476
7210614772,1.3053166,0.9583672,0.86068034,0.9919928,0.6247473
7210619603,0.25535977,0.17934193,0.10782299,0.36404398,0.20680408
7210619632,0.47104257,0.6225567,0.33377463,0.4145062,0.5648285
7210626242,0.4982465,0.9676828,0.4404913,0.9461277,0.7716966
7210634453,0.36286566,0.63416034,1.613944,0.51220983,0.34943315
7210634952,0.9073075,0.6314458,1.5857501,1.6959472,0.4348615
7210645402,0.9584149,1.6467297,0.8284495,0.90897226,1.516605
7210652092,0.5273676,0.74036,0.8681016,0.92312616,1.1868974
7210673472,1.0461645,1.2065616,1.1145213,1.1508404,1.533998
7210693622,0.6630527,1.1716762,1.5158046,2.164071,0.7358973
7210695572,1.8716437,1.7743342,0.8764131,0.8784823,1.0757626
7210732692,0.48857197,0.28194615,0.49383235,0.55855125,0.48861143
7210796073,1.4155575,1.7904105,1.8388331,2.0110922,1.7628846
7210808232,1.8292675,1.7120402,1.9694304,1.6438967,1.8190355
7210822702,1.005335,0.8843208,2.2797575,1.7198068,1.026065
7210839332,2.9156106,1.2874864,0.8271965,0.42621088,1.2486221
7210848092,0.9422428,2.2119777,3.3168955,1.2604451,3.0585947
7210848402,1.3575534,1.3733325,0.78217185,1.75764,2.4972105
7210897812,2.8810477,3.1665418,1.9977752,2.4128623,2.676023
7211027992,1.2449332,2.684052,2.2749884,1.2132819,2.2681057
7211033393,1.5570438,1.6343724,1.6010436,2.7031322,1.1386529
7211034792,1.7865566,2.2340589,1.9743489,1.1294271,1.838059
7211081933,1.4998609,1.9304507,1.3800349,1.0694333,1.7735472
7211106902,1.8287725,1.6629727,2.55503,2.4241235,2.6461635
7211106932,2.4548755,3.0985641,3.4175737,1.9929351,2.623715
7211125942,1.6369957,1.3245226,2.7871706,2.7806752,2.7293594
7211127752,1.8522501,1.9236683,1.4493055,2.0578017,1.0032254
7211142922,1.7589025,2.0858157,2.1576753,2.2331824,2.6913104
7211165402,2.3195198,2.6944413,1.109834,2.93572,2.2059672
7211167572,2.0245147,2.810924,1.8062892,2.4769244,2.16834
7211167582,1.1015555,3.594806,2.9782975,1.9119561,1.5803573
7211167592,2.3764963,3.4484203,1.5959221,1.6499121,1.9998175
7211176383,3.326792,2.2473722,2.4050834,3.139909,2.4283743
7211182703,2.5202205,2.3943408,2.4968715,3.93046,3.487465
7211307162,3.6271632,4.005104,3.551659,2.0215483,2.2193906
7211307452,2.8400664,3.8066638,2.514609,3.3129764,2.8917403
7211311382,3.5560281,2.6438978,4.138844,3.7954843,4.200508
7211351643,4.728671,3.4302597,5.652574,4.205602,5.0549307
7211378172,3.5811934,3.5692291,3.0311792,4.5233407,4.0201807
7211387022,3.2815404,4.2217727,4.7113843,3.7717063,3.0168672
7211392412,4.366294,3.8006365,3.8155072,3.2191348,3.6433234
7211401652,4.300596,3.2294548,3.1698892,3.7809517,4.2805004
7211424272,2.7280676,2.702856,3.7764552,3.161074,5.351595
7211424492,3.2136474,4.4508486,4.4600925,3.2161033,3.597562
7211424502,3.614552,4.1294613,3.2519126,3.7961807,3.6358616
7211464832,2.7284334,2.2395933,3.9971375,3.8708107,2.1570842
7211479692,4.2662387,2.8261707,2.0335999,3.7666755,3.129293
7211484262,2.4461792,2.9894958,3.9608874,4.459286,2.167008
7211498452,3.174704,2.49854,2.2866802,2.8310692,3.065524
7211498472,2.4745293,2.6241317,2.8818479,3.221833,2.8560815
7211535422,3.038426,2.1076446,5.2901244,2.6264863,2.2313318
7211550202,3.0941877,2.1018558,4.014464,3.5447779,2.6128628
7211550232,3.012864,3.4983692,4.3595634,3.2606888,2.68494
7211550242,2.3896706,2.0077617,3.786104,3.8651838,4.1219535
7211597902,3.9470239,4.503072,2.9392602,3.4094632,3.3315992
7211598382,2.8689697,2.8367326,4.1175203,3.3748682,4.4325128
7211622822,2.168127,4.028437,3.4905734,2.8746495,4.203685
7211638942,3.2178757,4.857673,3.6205268,3.2753248,3.104336
7211639342,2.725789,2.657994,3.1131902,2.4741428,2.6918063
7211658992,1.8162421,3.1629477,3.1688404,3.0102577,2.577217
7211661392,2.9373116,3.3993316,3.0278807,2.4575553,2.5416102
7211673472,2.2331562,3.9015563,2.1831768,2.0890877,3.427808
7211673612,1.6161531,3.3919415,3.6514482,2.6515648,2.5424957
7211708922,1.8953227,2.5580924,1.4966186,2.7877162,2.6296315
7211708932,1.8878357,2.083272,2.5970619,2.8288565,2.3256507
7211735082,2.1741228,2.9912877,2.7738855,1.5145655,2.7958994
7211735132,2.8015642,2.254272,3.1982036,3.149831,2.7440057
7211742812,2.4027061,2.252174,2.5229273,3.9387085,3.3318293
7211752292,2.2684946,4.2096977,2.6790721,1.8551295,3.3141031
7211782722,3.1732101,3.9750814,2.890013,4.4596,3.9642973
7211783152,2.2781782,3.663258,4.182047,4.4783883,3.7774453
7211783172,3.5765529,4.7390976,3.3618898,2.9672546,3.6859267
7211783792,3.7001948,3.5533063,4.0054646,3.4521117,3.8944914
7211786742,1.9283012,4.786179,1.7458345,4.111758,3.0977015
7211786932,3.962609,2.023954,2.9841263,3.5703928,4.147934
7211855642,0.34411088,0.46249476,0.35656324,0.41702288,0.26253277
7211914392,1.0350447,0.83544976,0.4927206,1.0895491,0.44196904
7211926232,1.1951678,0.5584062,0.867311,1.7922425,0.7204275
7211927532,0.7585582,1.0702171,1.1436815,0.31412008,0.513847
7211945542,0.67395395,0.39537078,0.44075704,0.51126087,0.5362969
7211993772,0.8965162,1.2575049,1.020053,1.0883032,0.8649536
7211994032,1.3747028,0.80821246,0.6993331,1.1948899,1.1131673
7211994272,0.5618694,1.0917511,0.9777987,1.1485873,0.69840425
7212022143,1.1498572,0.9380015,1.2118714,2.0590422,1.0940545
7212041242,1.2747784,2.0090573,1.6762291,2.171231,1.4573996
7212041302,2.072617,2.183083,1.461815,1.2819345,1.5943806
7212052872,0.9957988,1.6476662,1.2130742,1.2656949,1.1498992
7212061822,1.2415861,0.71925193,1.7961221,0.78648335,1.429582
7212079332,1.583505,1.8037606,1.2212092,2.2067027,2.030283
7212089292,1.4023741,0.8811697,1.855669,2.7789187,1.7055266
7212089302,1.7392079,2.1970263,2.2996352,1.5319602,1.4441516
7212089432,1.2932844,1.9147978,1.6016839,2.084109,1.6607057
7212144242,0.8292865,0.8506093,1.6799843,0.996358,1.3271273
7212161352,0.47814423,1.888451,0.32957563,1.8225634,1.3251485
7212181662,0.39894205,0.7027563,1.5830195,2.026387,0.67662376
7212198592,1.0165746,1.4366779,0.8913979,1.1348908,0.93485564
7212260482,0.69671553,1.8430502,1.3584299,1.5079515,0.915071
7212261672,1.2442834,1.79606,1.4431008,2.2303326,0.7256522
7212297122,0.010196562,0.008859488,0.001571589,0.0011362467,0.052640345
7212360902,0.6500097,0.8722514,0.820223,0.46089613,0.76182586
7212368262,0.2306915,0.23078673,0.35244837,0.3712064,0.4176023
7212394613,0.058119603,0.07391799,0.007922768,0.03271287,0.038863067
7212420223,0.31487784,1.1055751,0.5799115,0.5083082,0.32386786
7212420232,0.4048298,0.27804318,0.44848105,0.68019426,0.88306123
7212420262,0.7844317,0.7588514,1.0355389,0.4593301,0.6034382
7212480462,0.7026229,0.2507246,0.5069139,0.6356694,0.7239498
7212505692,0.72330654,1.1185048,1.4580925,0.840126,1.363357
7212540873,0.040737975,0.05871807,0.020826912,0.091496386,0.12747118
7212540962,0.84972984,0.917161,0.34641892,1.183101,0.81971884
7212540982,0.708837,0.88442767,1.0415459,1.2383833,1.001521
7212541062,0.55109286,0.70569265,0.42294222,0.84390056,0.43974787
7212569312,0.7208177,0.6489786,1.104192,1.7310448,0.35343277
7212572282,0.872612,1.3568653,0.75911427,0.99016106,0.90761244
7212572342,0.70373577,0.5306243,1.0181509,1.1394101,0.37029395
7212573722,1.4124973,0.8143687,0.5662848,1.3306999,0.87013686
7212602072,1.5857884,0.84274924,1.4844787,0.64644474,1.2719278
7212605182,1.0918628,0.5161016,0.92592716,0.8851422,1.3528544
7212614622,0.9810711,0.5018842,0.70948225,0.67415196,0.95144516
7212615042,0.7233926,1.5062898,0.8239091,0.78769624,0.33523223
7212628352,1.2626622,0.9229931,0.83835304,0.86502767,1.5508853
7212628362,0.9610638,0.92150855,1.1186563,0.7931705,0.61696815
7212659792,0.6637355,1.314564,1.5263,1.6890177,2.0568461
7212659872,1.005964,1.0702382,1.7277787,1.0980283,1.1625363
7212664582,0.9614459,1.2696817,0.81072587,1.6261469,2.7427697
7212664592,1.6666334,1.7787483,1.7138834,0.9104825,1.255043
7212691782,0.588309,1.2514721,1.8226085,1.2072653,2.2754889
7212696262,0.5893098,1.246519,0.7785134,2.2241328,2.4632435
7220021212,5.450023,4.6444416,3.6535213,2.993263,5.1708164
7220024252,4.273281,4.497695,3.4305682,4.7760262,4.4655123
7220036752,4.1902676,4.9688354,4.550363,4.5714264,4.1009254
7220052722,3.310069,3.03937,4.422859,4.3417006,5.3068533
7220052782,4.1901636,4.684394,3.7629862,4.4367533,4.1016965
7220066042,1.6232356,1.3771498,2.9590402,3.9389932,2.6867666
7220084942,2.5814002,2.897824,2.2063885,3.5568702,2.7026823
7220168332,4.2872953,4.930326,3.8519478,3.678617,3.5943785
7220168342,4.4541187,4.5443563,4.1300044,4.790826,2.6857395
7220196632,3.455944,3.5314898,3.8083205,4.2357235,4.197813
7220275893,1.6004987,2.2451496,2.3050716,2.0093517,2.5989907
7220275923,2.2999628,2.79533,2.992546,2.5090346,3.9599776
7220275943,1.5994436,2.4919412,1.9009196,1.7654128,1.8500056
7220298922,3.233493,1.6127802,3.7362595,3.7537394,3.072721
7220307882,1.9527048,1.0835655,1.6527376,1.0723237,1.380736
7220308812,0.8061597,1.1107974,1.3207121,1.9854333,1.4096117
7220324642,0.5705181,1.7905715,0.75317043,1.888283,1.4928832
7220328623,1.4532828,1.1211653,0.7934027,1.4763919,1.4978955
7220350122,1.5353991,0.8413172,1.3394477,1.5961634,1.9089872
7220384992,2.335244,3.0279524,1.309341,2.7929273,1.9197197
7220429862,1.5265913,0.78985304,1.4326563,1.5272554,1.8146678
7220456583,0.84249336,1.8492324,0.6273621,1.2328523,1.8155279
7220476712,0.844668,0.54328376,0.8091958,1.4801705,3.3985128
7220499683,0.94390047,1.0348713,0.770593,1.0726056,0.8567701
7220506792,0.4899908,1.5816426,1.1161488,1.483613,0.7522135
7220555842,1.4369344,1.6237566,1.7236359,1.3817512,1.0718312
7220556582,1.1686795,1.2007453,1.348959,1.2653896,1.4482713
7220575662,2.0342622,1.1662128,1.4493618,1.6486819,1.9376634
7220575762,2.968646,2.3884845,2.8281817,1.7297417,2.8781939
7220588542,1.1938367,1.3560631,2.116324,2.014077,1.6568382
7220655712,2.5462625,2.2965999,2.4501815,2.327686,1.8008835
7220681402,3.1961985,1.9859599,1.6962596,1.7970843,2.2759874
7220727853,0.73457825,0.87682205,1.4229277,0.9994606,0.5030702
7220777142,0.68860173,1.6083772,1.6641862,1.4761881,2.0252545
7220777542,1.4287292,1.8836597,1.6445055,1.8830059,0.70352405
7220788062,2.2971117,1.1838676,1.1612799,1.4075171,0.49914697
7220803822,0.7534255,1.3840535,1.0165577,2.4619904,1.5146017
7220803842,1.3479903,0.7585916,0.64367294,2.1659088,1.895892
7220835702,1.370328,2.0975838,0.9629529,1.7109387,1.0330137
7220835992,1.9286665,2.3817244,2.5156898,2.3227997,1.6342001
7220898192,0.9635095,1.7433991,2.2582576,0.3712895,1.3680235
7220898212,2.7373633,0.80236804,0.5038491,1.1478994,1.5588489
7220959132,2.4635777,2.9733565,2.1999328,1.4893335,2.6460474
7220959143,0.5981991,0.4190888,0.5352518,0.44282085,0.9543536
7221004252,1.1637893,1.474993,1.5904981,2.7458408,1.2762903
7221043983,0.6131526,2.080131,1.0126953,0.4725079,1.9173357
7221044092,2.145558,2.2054787,0.9764027,0.72890174,2.0196521
7221064782,1.4186699,1.4586574,1.4987797,1.8397715,1.8577921
7221065322,2.2660713,1.1141951,2.008957,0.7223853,1.6553539
7221065603,1.5866928,1.2170432,1.3361614,0.9983398,1.3610615
7221128552,1.1755528,1.6077907,1.4457223,2.2243524,0.71507794
7221159982,0.82760864,0.6748032,0.5217035,1.6238211,1.2263112
7221164432,0.4291323,1.2567644,0.3526913,0.49313313,0.86707926
7221212682,1.6483442,1.1400007,1.48203,2.1542094,0.6162509
7221260153,1.6161983,0.9197461,1.0534683,1.340332,1.4139487
7221361382,1.2158544,1.225707,1.0127988,1.6858597,1.0657943
7221388032,0.5915341,0.84216726,0.79230505,0.79276776,1.3811418
7221405402,1.3064137,1.116977,1.04678,2.8032541,1.4475021
7221475442,1.6238685,2.1490684,2.7104876,2.3098276,3.541583
7221549222,5.092658,4.023594,3.9912448,3.8157206,3.8947952
7221558862,3.2610524,3.6896174,3.552597,4.937161,4.001922
7221559382,3.0226946,3.6156783,3.0534217,3.4337323,3.3523393
7221560533,2.0566425,2.7613997,3.8291771,3.1972735,3.3673785
7221590452,2.0082452,3.4859567,3.4988306,2.7717094,2.7832873
7221590652,2.9488142,2.660953,2.9656484,3.090987,2.9329777
7221605703,3.4727492,2.4611523,2.4807029,2.8910294,2.090453
7221629383,3.39048,3.9464865,2.52133,2.7927258,3.3191097
7221650252,2.5201206,2.9990425,2.429357,4.2251596,2.3158703
7221650282,2.645151,4.064679,1.9991572,2.597031,3.6924686
7221653742,4.674236,2.951997,2.015497,4.8223934,2.5403955
7221669332,4.386083,1.7714934,4.2323523,3.8139324,3.257148
7221675812,3.268476,2.9503539,3.8290668,3.9488692,3.2790527
7221675862,3.4187257,3.2079906,2.4581916,3.4280126,3.2423897
7221676083,2.523782,3.4844196,2.698158,3.380836,3.287837
7221677232,3.6992526,1.9318027,3.4291854,4.0802383,3.3584843
7221677262,4.423864,3.393469,2.7146583,3.2939975,3.6273863
7221677292,3.235774,2.9589758,2.909562,3.4025497,2.9693289
7221698702,3.5884848,4.118937,1.1203003,3.3076043,2.3069305
7221698722,2.7839408,2.9978356,3.354,2.990555,2.7145941
7221698802,3.2951891,3.3380487,3.758182,1.0054498,3.435972
7221698892,2.6198628,3.989933,2.9432247,3.6603708,2.0415375
7221739312,2.1542523,2.5489116,2.1096714,1.9550428,2.0394022
7221740512,1.6444107,3.5209403,1.5531557,2.0841365,2.3600042
7221740973,1.5718851,1.8364213,2.71773,2.3295617,2.6810813
7221741063,3.8559844,2.0811033,1.5412779,1.8328136,2.7198997
7221762722,1.1590731,0.9930681,1.1763684,0.8676614,1.8637275
7221775812,1.7917951,2.553872,3.1954355,2.1613145,1.1206632
7221793462,1.6609427,1.4575275,2.1434162,1.0991868,1.8280442
7221819973,1.5303473,1.6861737,2.4347925,2.6607938,2.1996415
7221869093,0.35293695,0.2133838,0.8085999,0.50730425,0.27946568
7221875763,0.58462304,1.1268535,1.1865774,1.5899024,0.8578462
7221913033,3.5644698,2.1870084,3.1733909,2.7461,2.8185353
7221948882,3.171749,3.179586,3.5546591,2.566487,2.3818514
7230087312,0.5726084,0.40335277,0.44888914,0.58738494,0.5757813
7230095452,0.26024836,0.34781948,0.3370247,0.18087041,0.23131873
7230097652,0.2827498,0.920177,0.7554392,0.48603877,0.41563773
7230151132,1.5580759,1.5471466,3.081992,2.603203,2.523584
7230176462,2.2797024,2.112182,1.3239287,2.3516426,3.295772
7230178662,1.319117,2.1578188,2.131257,2.172851,3.0799978
7230178672,0.6451953,2.2079396,1.9602529,2.607015,1.9995707
7230178692,2.4814208,1.8925902,1.2980232,1.3824799,1.5485663
7230178762,2.7758245,1.9187323,2.8240364,2.3628411,1.0506214
7230191582,2.3676398,1.2661592,2.7021372,2.2485642,2.1797276
7230193863,0.93610585,1.514767,1.303168,0.98420495,0.6870508
7230228552,2.9344537,2.3972414,3.162199,2.8279796,2.2068481
7230258122,3.9177828,6.1694403,3.7116761,3.2766404,4.035373
7230264332,4.038486,1.9457396,4.9870462,4.542793,5.0671244
7230264502,3.0837722,3.1521127,4.529291,4.6268005,5.3191466
7230278372,3.645288,3.5961745,3.5854971,4.1694636,3.4871397
7230294612,3.0058062,3.8529,3.4573884,4.854763,3.16963
7230299212,4.253653,2.9755692,2.8838563,3.6655705,4.0378895
7230375823,1.9006019,0.5353416,1.2806888,1.0483313,2.2356784
7230474912,2.2183256,4.0522876,4.034422,4.658454,3.0381575
7230481102,3.123782,3.7556994,3.9065711,3.9507043,4.9543977
7230487942,3.8325326,3.2960927,3.9118423,3.0005343,2.5948393
7230490313,2.4579768,1.8704702,3.8552513,4.900966,3.5419564
7230516632,3.5950518,3.0375535,2.1809185,3.2046537,5.1073213
7230541162,3.0173988,4.246934,3.51392,3.7318392,4.142685
7230541832,2.2286568,4.521579,3.5465226,4.3597136,3.8902
7230665802,3.5529568,2.8736534,3.0908482,3.8310812,3.454567
7230665822,2.7507052,3.5281918,3.1781352,3.9724243,3.2543292
7230686692,2.2872953,4.4205637,3.7077293,3.0920174,3.6038873
7230686742,2.8381443,2.788969,3.6532204,3.2988148,4.3339534
7230751152,3.7501173,3.6383543,2.8016238,2.9688456,4.1768064
7230751402,3.0719786,3.9156199,3.748729,4.228672,2.7073514
7230776032,3.6056983,6.068554,3.0081396,2.979849,2.701655
7230806133,0.5658522,1.5236719,1.7330234,0.84813464,0.53439605
7230806272,2.2329843,1.7528154,4.020863,3.5010934,1.8758551
7230831962,1.5302858,2.5289044,1.4404423,2.6118977,3.5734117
7230870322,3.0646803,3.98025,3.3612757,2.9636097,3.0884018
7230903543,0.47165808,0.20340018,0.16557139,0.2999254,0.21126568
7230921642,0.9385753,0.45378077,0.39610565,0.6527067,0.61801505
7230949153,3.0148997,2.7434018,2.9644954,2.7721987,2.5164156
7230956582,0.36339134,0.7734298,0.56874216,0.5339302,0.18164496
7230972612,0.37654144,0.47217038,1.0919576,1.3498793,1.019199
7230979682,0.7869375,1.675158,1.3685665,1.4381577,1.683404
7231004202,1.9773475,2.0924056,1.7961719,1.3667938,2.645712
7231011272,0.655601,0.7259928,1.4461159,1.2143136,0.38439503
7231027032,2.1525419,3.397954,2.8594334,2.72857,1.6542536
7231029922,2.3011003,1.9654772,2.199489,3.5620918,1.8550553
7231077073,2.3544946,2.3673058,2.455854,3.4425128,2.1373224
7231077133,2.1341455,1.7093177,3.912414,2.1531878,2.8619246
7231077323,1.4740602,2.1653807,2.3337119,2.2618887,1.4891855
7231113852,0.20418575,0.22744443,0.055534586,0.23930626,0.13550627
7231228972,1.7433622,2.5566587,2.6116705,2.8908045,3.0404892
7231300392,1.8065971,2.9953957,0.8454354,2.6997778,1.2943342
7231303423,2.0372818,2.0663188,1.6540424,1.1453696,0.5157926
7231303882,0.9489568,2.3219638,1.9068736,1.654721,1.7804334
7231304003,0.78059804,0.7609374,1.6824148,0.44076434,0.94248766
7231319872,2.0505364,2.0440865,1.7454967,1.8695637,1.5063195
7231325232,1.4814905,2.819037,1.6163604,3.3061788,2.3019824
7231330662,2.3919659,1.7011392,1.9353027,1.9693388,1.9083719
7231339882,1.836024,1.2614647,1.3862681,1.5741413,3.628593
7231374032,1.0071603,0.7097624,0.2659977,0.99100167,0.48969448
7231424912,1.4723189,0.881129,1.0889137,2.0040433,1.4671869
7231533002,0.7491222,1.8138497,1.1812167,0.5418451,2.0062034
7231535592,1.9722742,1.2700785,1.4578587,1.9152285,0.9333219
7231583102,1.308472,1.2073411,0.9549945,1.1176186,1.2840813
7231616303,0.09995368,0.20487472,0.22177096,0.15883297,0.18198669
7231640462,1.1235683,1.2637517,0.4820308,0.9080593,1.5887938
7231728832,4.417322,0.9230751,2.0019794,4.4584174,3.2209737
7231774183,0.006121291,0.06856728,0.007037296,0.004809347,0.031472128
7231776882,0.037566125,0.14672832,0.052644756,0.14801455,0.13984439
7240010542,3.031806,2.5116444,2.9293978,3.1015162,2.1700466
7240030492,2.8607686,2.8877423,2.316129,2.6164653,3.128352
7240054132,1.3690144,3.5799298,1.6144233,2.1362114,2.736637
7240066743,0.5784659,0.52939034,0.46315494,0.987694,0.92175794
7240079343,1.7961261,2.2520943,0.8133738,0.33688438,0.34935093
7240105822,3.881651,3.1407082,2.4223502,4.017373,3.097875
7240178212,3.0210466,2.5219643,3.0219922,2.3379781,2.9088616
7240184593,3.0975602,3.4666266,3.9843817,1.5307407,3.1622853
7240199462,3.7801907,2.9763777,3.449395,2.9582198,5.0263586
7240285113,3.2791927,1.6449628,3.0112696,1.8978403,2.3388073
7240333093,0.6993799,0.9907998,1.0619026,0.3767809,0.65938586
7240341523,2.0256217,2.2884686,0.38723314,1.6063777,0.8321623
7240384742,3.4296658,4.122759,4.022675,3.0239198,4.1052246
7240403763,3.8177578,2.902913,4.168236,2.5848312,3.675836
7240454942,2.8972807,3.6308713,4.077767,3.7437472,3.0207472
7240464222,3.3130422,3.291911,3.1267667,2.9517806,2.6904466
7240476742,4.6590858,3.4341967,4.0165133,2.6224587,3.7393105
7240476822,4.0695925,4.527259,4.229199,3.1734347,3.3027117
7240482153,4.031355,4.300046,3.2905254,3.5277371,3.3878508
7240505732,3.3410966,2.5367138,2.7084043,4.076413,2.1049755
7240522373,2.7513237,2.1774497,2.6189113,2.3971536,2.3219597
7240590793,1.1776958,0.60317004,0.6080692,1.0450628,0.6568957
7240617123,0.11359461,0.68616146,0.33822668,0.6480926,0.19176333
7240642332,3.508118,3.7404265,3.6532655,3.7162414,4.1365747
7240663822,4.908649,5.3877034,4.1770196,4.9610615,2.61358
7240718832,5.1585407,3.538554,2.8586137,5.245263,3.7827098
7240720022,3.4777713,4.2177014,3.8246877,4.183103,2.4761567
7240720072,4.1623783,4.132955,4.8813453,3.4490325,2.7716973
7240723742,3.359447,3.7872992,3.383604,3.161471,4.75986
7250018382,2.2066278,1.3913025,3.5935595,3.0255215,3.8992794
7250022962,3.662878,2.6929808,2.9804335,3.714071,2.6190495
7250044452,1.6327412,2.4448457,2.1803527,0.7260252,1.5179156
7250051452,1.36163,1.0593059,2.0336964,0.9792368,2.4766364
7250051493,1.0320945,1.2613609,2.0401998,2.1439145,1.4229937
7250070242,1.1343381,1.6497736,1.445961,1.3089243,0.68390995
7250080512,0.9962401,1.2199438,1.2446787,1.2984375,1.3926561
7250092313,1.1513689,1.1402924,1.2874137,1.3300947,1.1638315
7250093653,0.5418829,1.544638,1.333884,0.8952366,1.784255
7250113932,1.2655855,1.3233304,1.2021463,1.1479654,1.2130053
7250122132,1.5733602,2.278656,1.9476686,1.3410766,1.7677121
7250129282,1.77817,1.7206187,1.8270174,1.6371523,0.64983207
7250129952,1.9656932,2.1111298,2.4837933,1.2726772,1.3105497
7250130173,0.30533716,0.94694984,0.97288424,0.43557516,1.3623922
7250133152,0.8508913,1.5320332,2.5983806,1.9191571,0.65134823
7250135152,2.0766482,1.055605,1.6161191,1.3996859,1.1349176
7250140783,1.3667473,0.5872765,1.4559512,1.0571715,2.0308156
7250145702,2.2155297,1.0255332,1.8715402,1.5986754,1.848026
7250145713,0.47326574,0.4292224,0.5410119,0.6183582,0.52862436
7250147493,0.44825026,0.34952444,0.989017,1.5813851,0.91870654
7250152912,0.2625277,1.4776567,0.96156126,1.430973,1.4966252
7250156602,0.7938771,0.31371403,0.50229174,0.41912416,0.93786794
7250161903,0.7443434,0.72171694,0.6834953,0.91643023,0.8337736
7250166233,3.4283426,4.7548413,2.3639956,4.004096,1.8382664
7250166472,0.4736676,0.8405153,0.58884275,0.89643717,0.54798776
7250169372,3.9028552,3.478206,3.4340203,3.9910595,2.9523034
7250179013,0.24562117,0.24466492,0.2360207,0.14726941,0.12154977
7250202733,1.1480428,1.2623391,1.4295568,1.3985419,1.1380793
7250213232,0.75743496,1.3890786,1.2196679,2.3500078,0.4209836
7250215982,1.77745,1.0068853,0.83591175,1.2498152,1.409122
7250240013,2.9702544,2.531172,3.467465,3.228726,2.414021
7250265792,1.8399882,1.2915571,1.7317747,2.994243,2.417863
7250291882,1.7261249,1.9835256,2.791417,4.3958135,4.070469
7250292303,1.9214609,1.5170672,1.6901562,2.100854,1.7405568
7250295992,3.178269,2.5587492,1.744873,2.542141,1.6993227
7250344153,1.5861206,1.7998592,2.6704388,2.8235543,1.9317573
7250359323,1.6509256,3.3355796,1.8121266,2.3219888,2.2171953
7250360662,2.2687767,2.0430174,2.2551703,1.8760173,2.7059567
7250374842,0.78732896,0.87988925,1.7606355,1.6097331,1.3315108
7250380492,1.9956994,2.1292934,1.9940661,1.7328333,1.2467964
7250380572,1.3115076,1.4783559,1.3314437,2.0712729,1.6315695
7250407042,2.5571675,2.8613229,3.3173752,3.274376,3.2360778
7250408192,2.3492413,2.7360926,3.1692367,2.9193792,2.9443965
7250408252,1.974063,2.1507132,4.069745,1.6542742,1.460829
7250421522,2.427785,2.235157,2.556321,2.7953854,2.9232588
7250487902,2.3546145,3.036825,3.997941,2.0578845,2.7997952
7250501702,1.824579,1.5984124,1.3942373,1.274941,1.6177235
7250502652,2.1155748,1.1005106,1.0306754,0.8495359,1.1166241
7250511592,1.6791499,1.6406286,1.1237674,1.9792788,1.4342593
7250511622,1.3055321,1.4274445,2.281565,1.4553988,1.3625784
7250519012,1.0815742,1.7443564,1.9636289,4.0641165,3.6081233
7250520282,2.3525546,2.5920525,1.6845305,1.9116279,2.4281235
7250533142,1.3930044,1.6823609,1.0112019,1.2984382,1.4155835
7250538792,1.8897232,2.0823712,1.9535236,2.6028948,1.496554
7250541072,1.3375229,2.248679,2.0610025,1.7281793,1.9241078
7250577032,1.0978538,2.5579984,1.8706006,2.30227,2.213024
7250581092,2.2085636,1.0663257,1.395539,1.7928207,2.0331957
7250581972,2.0861712,1.520572,1.7952521,2.3107421,1.6586462
7250595602,2.1404774,1.697031,3.326708,1.240092,1.8233258
7250599463,2.112498,1.8937026,1.8584523,1.2609318,2.0236132
7250599502,3.0403962,1.7503176,1.7575217,1.8555319,1.2927784
7250603373,1.3342297,1.1235278,1.4009356,1.3099134,1.0224895
7250625993,1.1111631,2.4727204,0.9064713,2.0206373,2.8175979
7250628632,1.5095348,1.6853511,1.3552063,2.6290815,2.0173676
7250629762,1.5800781,1.9788923,2.4698167,1.3977573,2.2525973
7250630073,2.6179924,2.2319772,0.8702892,1.6788005,1.7955832
7250630763,2.5380955,2.6206925,1.6299753,2.5322423,2.001616
7250632872,1.9647747,1.2823242,2.7976801,3.6712582,2.02321
7250636332,0.9015548,1.0458804,1.3474834,1.9006616,0.73645186
7250649493,1.8765568,1.6154014,2.7712975,2.6806974,2.0316756
7250658042,1.2489862,2.0342221,2.8342524,2.33449,2.2768018
7250664642,2.8940961,2.5493212,3.3752766,2.8280683,2.4493213
7250666962,1.4185282,0.6366111,1.1464003,1.9062017,0.7747315
7250674793,0.42839694,0.44834018,0.50043154,0.4638203,0.4565233
7250693043,0.84589916,0.64862806,0.83913606,0.85671526,0.6241879
7250706382,2.2004466,1.1837372,3.0100234,2.8183234,1.578799
7250710432,2.4268298,2.5949411,2.5006459,1.5124297,1.8836412
7250723942,3.6617665,2.635925,1.5628232,2.6192997,1.4489758
7250739033,1.1997683,1.6710007,2.8501925,2.5533547,2.4881449
7250739412,2.6775534,2.3161068,2.4486992,2.9718251,2.260559
7250747582,1.5486841,3.1501331,2.8404427,2.9780629,2.441609
7250777862,2.2606385,3.7849424,2.5665765,1.8529447,1.7577496
7250789022,1.438168,2.034281,2.7453775,2.006985,3.717146
7250789052,2.7328987,1.6667233,2.7391195,2.7450469,2.6606803
7250794722,0.86011195,1.4824451,1.0664958,1.4374664,2.0978687
7250797732,0.9904738,1.6501231,1.2035167,0.79744357,0.9966457
7250817663,0.2820404,0.3115854,0.26414463,0.35825914,0.21404488
7250831873,0.15921251,0.12166427,0.12385621,0.16064803,0.18544388
7250831893,0.32548246,0.476076,0.22748181,0.3611654,0.23563808
7250849433,1.2935152,0.70273304,2.2428493,1.1368821,2.243789
7250849543,1.4732554,1.3541493,1.573601,1.7513139,1.5290557
7250852042,1.8762466,2.5784566,3.2322898,3.648026,2.851754
7250899932,2.4011717,1.9811139,2.3015459,2.978087,3.1485453
7250906703,3.6691952,2.9145641,2.2402587,2.9691772,1.8768978
7250920302,2.0946956,1.8813081,3.4190044,3.0555775,3.1769047
7250922673,1.0024064,1.952124,3.495026,1.3987075,1.8713816
7250922682,2.9929585,2.5299695,3.0804753,3.7749774,2.1978292
7250924372,2.0444791,2.270852,2.2612417,2.1911805,1.4031596
7250966122,2.4045408,2.7140837,2.5470026,3.0936167,3.3159187
7251006483,2.0494246,1.075182,1.7497252,1.8501725,1.897332
7260004453,0.8819857,0.93310535,0.08100858,0.6317117,0.55193484
7260011522,0.98028183,1.1569357,0.48793203,1.4380441,0.92349625
7260014983,0.6171514,0.29937202,0.31854826,0.9095824,0.6537876
7260036493,0.885952,1.0394022,0.8967329,0.63632727,1.6933057
7260036562,1.5086845,1.011888,1.2996294,1.1145757,1.2335287
7260037613,0.8061502,2.3895106,2.3085647,1.518552,2.8017313
7260040003,0.84075344,1.0601715,0.7853451,1.5181326,1.8788844
7260041812,0.9139319,1.0144275,2.3446705,0.7562234,1.3367789
7260057693,0.010163893,0.00587097,0.005074569,0.0029626105,0.010636385
7310026172,0.5880358,0.5131275,0.39078757,0.7005784,0.43726656
7310039593,0.07142375,0.28370056,0.24329129,0.3131808,0.20832336
7310058402,0.8844752,2.3872676,1.1977065,1.0330505,0.6488813
7310069812,2.4713604,2.5945933,2.4124486,2.0441716,3.0247567
7310086383,1.7880723,1.8908013,1.3108851,1.032832,2.0542572
7310137612,0.4183189,0.53976244,0.66274077,0.54267156,0.654609
7310139542,1.6411495,1.3041712,0.84181565,1.1522882,1.0039059
7310147802,0.56737596,0.32323304,0.2130932,0.3492208,0.28934214
7310159682,1.5499115,2.1854615,1.8127794,2.6167517,1.8078394
7310162063,1.6296699,2.1535187,2.7016888,2.1946115,1.1776611
7310162553,0.5273633,1.8896435,1.1098818,0.3924023,0.7472955
7310167553,0.523792,1.2220707,0.8990623,0.54689515,0.8473832
7310167652,0.6327405,1.0164275,0.47344664,0.40386668,0.6307277
7310167672,0.6428881,0.6284437,0.7524909,0.64943016,0.4841429
7310167733,1.054353,1.690226,2.1217728,3.8531566,2.1713529
7310167773,2.281937,1.963387,2.6961555,2.1454072,3.0172904
7310170842,0.31396538,0.1717256,0.4269619,0.38486737,0.5143616
7320005712,0.049078614,0.04662285,0.056581758,0.014819859,0.033887383
7320008812,0.009402346,0.06429055,0.018432874,0.036550097,0.08116772
7320056882,0.06781844,0.04442142,0.080263615,0.0754781,0.115007415
7320068623,0.14812987,0.26207894,0.17044206,0.11557235,0.10428193
7320150933,1.3632562,1.6693102,1.2070135,3.4062476,0.7225466
7320195353,0.21423043,0.35253814,0.26567563,0.60522753,0.5453394
7320198193,0.80895746,1.3582275,1.1878326,1.0284345,0.78228015
7320210112,0.09921606,0.13262187,0.15749422,0.16140358,0.047879454
7320230502,0.23766819,0.1851581,0.45085204,0.24448743,0.3265539
7320235132,0.087149896,0.11712196,0.2124265,0.047573593,0.13190243
7320237462,0.15585285,0.12685628,0.08563847,0.06821588,0.12040605
7320247402,0.13678874,0.11409776,0.20210086,0.103481315,0.08684475
7320248282,0.15398118,0.1279104,0.102467105,0.048067734,0.13687107
7320256073,0.107365824,0.13683154,0.17226481,0.21426791,0.13759686
7320308013,0.7892251,1.0843703,0.6562008,0.9099739,1.1644862
7320345753,0.07839894,0.09530901,0.27571326,0.13398881,0.18221511
7320355243,1.4580505,0.99972683,1.0236717,1.1046193,1.3770187
7320355253,1.7009093,0.67029655,1.2956829,1.3660095,0.33954495
7320364033,1.6658227,0.92668456,1.0361578,0.7885094,0.98711926
7320364362,1.0978473,3.1268606,1.4029254,1.4104764,1.3693755
7320396563,0.51332337,0.7922834,1.1286758,0.9896423,1.2060322
7320403953,1.2809374,1.4216677,1.1930896,0.97600925,2.1153626
7320406673,1.2049809,0.7701867,0.68197054,1.5730789,0.79194874
7320411343,0.47407973,0.33351052,0.9707788,0.30059963,0.2608246
7320411573,1.1069156,0.9186315,1.3863474,1.0445993,1.541065
7320411583,1.3450831,1.185727,1.6153797,2.2367055,1.6345971
7320411603,0.9269159,0.7164671,0.6862321,0.7758814,0.6556308
7320411613,0.4557302,0.90401334,0.74869883,0.6681905,0.69423497
7320411623,3.617812,2.8010664,1.712884,1.1827705,2.05312
7320434363,0.33844486,0.29315943,0.60898536,0.32857147,0.52833915
7320434393,0.4073634,0.84325546,0.46060145,0.6771169,0.78284764
7410010233,0.7161924,0.36545286,0.97274274,0.34788263,0.72875243
7420008182,0.50999177,0.44921133,0.33007818,0.21462572,0.44237763
7420016952,0.31971323,0.55038923,0.7654539,0.383798,0.3847018
7420030132,0.2740228,0.07558274,0.27340755,0.16155873,0.24724811
7420072452,0.021697897,0.14587694,0.31891796,0.21273744,0.12416914
7420084452,11.597663,10.904917,11.019529,11.837927,11.81449
7420087233,17.034729,17.320145,16.544775,15.660907,15.651725
7420088223,14.872256,14.566899,12.445587,13.798284,13.75361
7420108243,11.930131,15.373567,12.3259,13.8301525,13.824144
7420109213,7.303093,7.0690284,7.168011,6.653234,6.2634296
7420125292,6.5310984,7.537272,6.650148,5.2923594,5.5331655
7420142512,2.606541,0.79648894,1.3681034,1.9258419,0.87800235
7420173832,2.3828554,1.231571,2.6939092,2.68738,2.0348012
7420180123,1.4379572,2.257187,2.8884683,1.9890237,2.1787448
7420183742,3.0335083,1.3814782,1.575296,2.128515,1.9762092
7420187682,1.8519735,3.6304662,3.759613,3.821929,3.0285242
7420200893,1.3510036,0.9748412,3.7383356,1.9329735,3.5070832
7420206383,1.0611706,1.7620339,1.5941586,1.3249865,0.7971591
7420215063,2.0457838,1.1023288,0.7973441,0.46128526,1.5059443
7420215543,0.64164877,1.2998254,1.9725249,0.7664479,1.5361181
7420245843,1.40366,0.93969864,1.4387847,1.312633,0.8441492
7420252113,0.8029622,2.190416,0.7823673,0.44994894,0.8025723
7420271353,2.0967464,4.207235,1.5425125,2.1295698,1.9427061
7420275282,1.5719787,0.6424401,1.0986216,1.7045554,0.7306649
7420275532,1.3775599,1.3695942,0.73139614,1.481139,1.398822
7420276163,1.111797,1.816601,1.1939423,0.71395206,1.2511556
7420279093,1.1715988,1.1467721,0.8778326,0.7387053,0.94082767
7420279793,2.03339,1.0514312,1.0056286,1.894578,1.1043278
7420279843,0.76007164,0.5928165,0.70254457,0.7427305,0.90917397
7420280393,0.78691703,2.1331053,0.99185497,0.43004522,0.5569733
7420280413,0.9479049,1.2709451,1.721657,1.7764742,1.072667
7420280443,0.8002744,0.80633205,0.63379645,1.4024295,0.61831933
7420280462,0.4205573,0.7635932,0.5281763,0.223669,0.4158194
7420280533,0.43905032,0.3187151,0.3727923,0.48323077,0.38926294
7420280573,1.5028732,1.5073888,0.9503019,1.2441981,1.3781366
7420310552,1.6451118,1.513141,1.5867907,2.646855,1.818106
7420310882,1.7214684,1.6733813,1.4003549,1.6349849,2.5086012
7420346453,1.6739221,2.030026,1.7648652,2.3976293,1.8566402
7420348653,0.62509876,1.9604591,1.1345114,2.2001112,1.9787604
7420349342,0.93188745,0.36356607,1.2458957,0.3505328,0.92486286
7420349683,0.9783108,0.8951067,1.40652,1.4334495,2.2504926
7420349693,1.0386996,1.4346893,2.0661383,1.9864063,0.9973661
7420352122,2.8132465,3.6069996,3.206507,2.8005986,3.0232308
7420375373,3.5625012,4.1369395,4.177995,3.9081025,4.874928
7420389792,3.457973,2.4022293,4.3161607,3.5754726,4.48896
7420390322,3.8409498,4.2469034,3.9664974,3.3059635,3.3697047
7420396442,2.64413,3.9167237,3.941917,4.4301915,3.00499
7420397582,2.9585612,4.8460665,3.6381173,3.6056175,2.4822335
7420417003,2.6607993,2.3114574,4.037596,3.0619032,0.8456489
7420418293,3.2628722,2.3325684,3.234764,2.961237,2.551497
7420422213,3.1148057,3.5074387,3.0500674,2.5471075,2.9013991
7420432252,1.8955668,1.2598157,1.1565082,1.1814661,0.9506186
7420464153,1.859174,1.6164281,0.7450551,1.7158568,1.9540555
7420464262,1.0081874,2.978888,1.5767311,2.6083727,1.4185591
7420473223,0.79298747,0.7894751,1.028391,1.0501525,1.1359891
7420481862,2.4607422,2.1365,1.3636256,2.0144167,1.8640656
7420496932,2.661119,1.7285937,3.4714482,2.687903,4.308768
7420510983,1.673274,1.3595974,1.3543749,1.8101052,1.1176091
7420513913,1.5686072,1.213054,0.96388775,1.0167999,1.9291909
7420528773,6.656451,5.5822797,6.1651745,7.3961825,5.943452
7420536883,7.983762,9.377391,7.9778285,6.1649475,8.734769
7420552803,4.520335,4.922389,4.4339714,4.4644394,5.375734
7420552813,3.869457,3.8102126,3.550766,4.116146,4.1628194
7420559902,3.340871,4.85693,4.2842817,4.757581,3.2924452
7420563652,5.219878,4.9725914,4.3149447,6.290989,5.3289304
7420571772,4.498416,4.2071104,5.3909726,5.0188613,4.2010803
7420584152,5.3604674,3.6848278,4.375371,5.2559614,4.579861
7420584462,4.4581146,4.2398324,4.7132025,4.894966,4.8471985
7420665303,3.7723129,3.0868344,3.124442,3.2975945,3.7568812
7420730002,4.4612665,3.9688148,3.136045,3.1144204,3.5472648
7420738332,4.0389214,3.6551285,3.6433249,5.5856566,2.8619506
7420746062,3.1612084,3.318646,3.7835686,5.0847855,4.247765
7420749482,5.071994,3.6986423,3.4025362,3.3535967,3.6274295
7420785002,2.9638517,2.1890025,4.457755,5.637076,3.8942738
7420788032,3.2390625,0.84215,2.458254,1.2666005,2.1049278
7420799662,1.3320552,2.1775162,1.9913869,2.0911229,2.6413877
7420814272,1.9417332,1.7067494,1.4084079,3.3011384,3.9138134
7420832032,2.786095,2.2824497,2.8370306,3.0220556,2.3461282
7420847912,3.2825809,2.402411,3.0685787,2.804048,2.4865851
7420852342,2.6618598,3.4024336,2.8301032,2.7222252,2.1904583
7420853612,3.1838558,1.2631974,3.1258752,2.8008149,2.665801
7420861402,2.4006984,2.7657864,3.6503575,2.1039953,2.8110473
7420865112,2.631178,2.935144,2.4683921,1.4130915,3.4471874
7420875052,2.4479008,3.2061307,3.5807977,3.4050293,1.121884
7420883872,1.605127,3.0603042,3.0574765,2.9274554,2.9946356
7420903892,3.8160167,3.2690618,2.2249813,3.433158,3.9183493
7420915053,1.5192691,1.7411199,1.1080356,1.1218078,1.6302011
7420919953,0.556995,1.771452,0.7364337,1.8771434,1.356343
7420920013,1.033368,1.5960894,1.3313153,1.6088403,1.1406375
7420937663,1.1317387,0.86811197,0.96903825,0.90242547,0.49293023
7420954923,1.2356994,1.4081905,1.6259892,1.556026,1.8024199
7420954953,1.2343763,2.9813738,0.7926158,1.7438618,2.6200058
7420954993,0.9437932,1.0374236,0.7783747,1.343152,1.2127937
7420955013,1.0240802,0.98203564,0.7996792,1.0377235,0.86181647
7420955083,0.4660893,0.28398576,0.7408486,0.7781344,0.3718436
7420955133,0.3868491,0.7559705,0.53194666,1.0756042,1.0157698
7420955243,0.8077315,1.5659786,1.3219888,1.1068367,1.0754302
7420956062,1.6712401,1.5081561,1.1580633,1.2912152,1.6505463
7420960343,1.0120811,1.2742764,2.0637372,1.9604973,1.2068533
7420967902,1.3533908,1.551916,1.549795,1.2208556,1.1544676
7421012892,1.1484041,0.757201,1.0298524,0.5017918,0.8421066
7421014302,0.38750416,1.318229,0.6830204,0.5527651,1.3617209
7421019122,1.4265682,1.0666528,1.1492245,0.9436294,1.1380383
7421019142,0.85451764,1.7299947,1.7897153,0.9273993,0.3407253
7421019173,0.54087526,0.8189346,1.0182707,0.7287705,0.6575655
7421019192,1.3447492,1.1589091,0.82801944,1.5232785,0.97391105
7421026192,3.6246123,3.2237833,3.6747544,4.7606344,5.1304884
7421027813,1.5649843,2.2255144,2.347879,2.5173774,2.118919
7421028863,1.0790906,2.240778,2.070736,2.060968,1.143846
7421028873,1.455157,2.3482463,2.6824222,3.0086339,0.86538064
7421028932,2.8564746,3.9599347,4.190866,2.7910352,4.5992823
7421028943,3.5547478,3.5989947,3.5449586,3.7781491,3.38837
7421045662,1.8180403,1.5257951,0.92774594,0.8806474,1.2108197
7421062403,0.67779094,0.9671175,0.6375227,1.2682071,1.1165115
7421062532,0.61760473,0.9511422,1.3205655,1.1858493,0.6020965
7421064932,1.2430593,2.4636447,1.5364985,1.7709155,2.2124758
7421068883,1.5402405,1.3780503,1.6452992,2.2269115,1.406384
7421069983,1.84634,1.1780137,1.8404531,0.4441419,2.9213808
7421074113,1.795952,1.923056,2.1195064,1.284328,2.660112
7421082642,1.6262828,3.7110832,2.4673276,3.9804416,2.0836546
7421097053,3.2815444,2.3204615,2.25299,3.1487515,2.9920392
7510028162,0.45503372,0.33759734,0.55539715,0.34176737,0.44208288
7510072043,1.3479321,0.74280876,1.2595459,2.070109,1.2844803
7510082223,0.933113,0.66851085,1.4298745,0.96883214,1.6276282
7510091922,2.073238,2.8307188,2.536536,1.9101212,3.88261
7510093793,1.5782776,1.7844589,3.15323,1.7259846,2.3544817
7510103423,0.37211064,0.5555373,0.65772116,0.9484819,0.78855014
7510104542,1.3020425,1.033944,1.1562587,1.6243391,1.1652107
7510104562,0.25944185,0.14452218,0.15575886,0.32101837,0.057047233
7510138853,0.22275268,0.33771217,0.22975174,0.35902297,0.22201014
7510140042,0.6486904,0.84495926,1.240088,0.87585986,0.62801063
7510152253,0.22133824,0.36797467,0.23686862,0.54503864,0.35226384
7510154252,0.6712242,0.4681862,0.99892664,0.8027202,0.70125115
7510154643,0.63800937,0.20494543,0.17570464,0.2906289,0.47300777
7520004823,9.879098,7.964074,9.302702,9.152721,9.355117
7520005052,10.105761,11.321598,10.618849,10.225027,10.27395
7520006833,6.262749,5.317518,5.754802,5.858779,6.761474
7520007052,13.576529,12.903557,15.390727,12.405165,14.577913
7520010193,0.44745433,0.54647267,0.5142144,0.86702895,0.41694525
7520011112,1.1758602,0.28550112,0.67153835,0.36283153,0.19484745
7520013782,0.9642879,0.39584473,1.0888057,2.2540832,0.8315365
7520017712,1.5655266,1.4419683,1.9406835,2.0229406,2.0965283
7520020953,1.6121001,2.6346493,2.7386518,2.2019029,2.2319028
7530002673,3.3959455,4.130231,4.026494,3.045558,3.3683827
7530016382,0.25463086,0.095460355,0.07523499,0.14044274,0.13115509
7530025983,0.2553979,0.37745324,0.22226223,0.49837187,0.7227575
7530030613,1.3640754,0.6513397,0.86212504,1.622808,1.1114454
7530089892,0.25542352,1.1134176,0.3639257,0.37179208,0.35934776
7530089902,4.535055,3.423265,2.852408,3.0223331,4.991955
7530093763,0.24291715,0.17069957,0.3037463,0.27642256,0.34720495
7530095823,0.0036991339,0.0044373595,0.0034924,0.0013728493,0.0020601219
7530096022,0.0028246609,0.0026598498,0.0031585167,0.0015202699,0.0018660484
7530096073,1.9829491,1.4594482,1.9693193,2.3186686,1.6276357
7530096682,8.507732,6.6119,6.1439533,6.1393194,5.9064217
7530096692,0.0032141586,0.0021832825,0.002673143,0.0015447249,0.0014615534
7530096743,0.15453143,0.2693514,0.24641857,0.1713979,0.26674905
7530102562,0.0003747331,0.0031357429,0.0005449625,0.0016992582,0.004557244
7530105082,0.22915246,0.95813674,1.2995971,0.62766975,0.78643
7530106742,0.013532991,0.009422957,0.007567985,0.0053658844,0.008314028
7610019372,0.0024463,0.0038032238,0.001048407,0.0020199048,0.0012880703
7620025602,0.0036220152,0.0040270602,0.0033830793,0.0046695736,0.008842752
7620035292,0.19694723,0.21722017,0.23632044,0.104953945,0.3229406
7710021313,2.594622,1.0122895,1.4812589,1.0243427,1.2512894
7710025182,0.0036173996,0.0041614696,0.0013270129,0.0013827248,0.00021636275
7710026853,0.79602253,1.1064951,0.6637318,1.2278469,1.4141624
7710032952,14.336856,14.587501,12.775872,14.770778,14.522227
7710032962,10.451521,11.097715,10.698138,10.283304,10.538157
7710038952,0.0033257168,0.0034212088,0.000829812,0.007056161,0.004026913
7710047442,0.021746794,0.0028883677,0.012210127,0.0028804347,0.0051001157
7710048922,16.154255,15.717343,18.08281,15.660758,16.120049
7710049972,14.081785,12.254118,12.417333,12.487078,12.728129
7710054352,0.00092154916,0.015021275,0.004388358,0.011845094,0.018940482
7710056183,3.1245234,3.3353283,3.409155,2.6644187,3.654668
7710064803,1.2566503,2.6401293,1.1818728,0.87695324,1.6239617
7710066663,1.6511158,2.0358758,2.1218798,2.1124468,3.2510035
7710067712,0.0032200231,0.0025861694,0.0015372322,0.0019159333,0.0022908975
7710069292,1.4103255,0.38401866,1.0384674,0.74642026,0.5985284
7710076302,0.9616933,1.3652117,1.9492841,2.8554616,1.1863043
7710076623,0.36005214,0.5571462,0.35875475,0.112766124,0.2989937
7720003433,0.94888973,1.5137842,1.747026,1.8966,0.7125112
7720003573,0.96907157,0.5851437,1.169868,0.679932,1.360039
7720009733,12.570214,13.118412,12.744011,12.641014,13.116628
7720013333,7.893854,7.430493,7.2421207,7.860741,7.621783
7720014303,15.312979,15.610421,16.4396,15.760028,16.253057
7720018822,15.356169,15.150536,14.843377,16.850264,16.667816
7720023433,15.716179,13.529442,13.164547,12.9174185,13.654938
7720025003,12.148476,13.502597,12.631071,13.996025,11.761547
7720027322,17.496584,17.990715,18.229252,17.260765,16.895918
7730001052,13.862558,12.854067,12.779144,13.6330805,13.045193
7730002562,8.863415,8.821635,7.1833286,7.70524,9.056364
7730003032,13.489465,13.9316845,13.129199,13.642229,13.6408
7730006522,7.306441,8.235461,8.679383,7.956895,8.266016
7730010462,8.327333,9.403405,8.643529,9.418624,9.362223
7730010572,9.096098,6.618877,9.069084,9.78961,9.486853
7730010742,8.363474,9.183796,9.883025,7.990428,9.243442
7730012272,10.069361,8.838053,8.257075,8.792255,8.896215
7730013722,10.274925,7.749698,8.026933,8.951237,9.695625
7730013782,9.023718,7.753085,8.076412,10.241585,9.618897
7730013832,9.620903,8.164909,9.359968,8.7564,8.669177
7730014512,10.3905,11.323551,9.88193,10.836577,10.597858
7730015342,8.976301,9.421033,8.254114,8.696793,9.354214
7730021382,8.182567,8.851687,8.366615,10.1033535,9.06965
7740001202,0.0067276084,0.017370898,0.013354269,0.013596876,0.010029348
7740010892,1.7518628,2.0737934,1.7468921,2.046126,0.6241586
7740024722,0.6005353,0.901344,0.6901066,0.97782415,1.2704376
7740037982,2.9261167,2.1083112,3.230865,2.5136826,3.2440624
7740049052,10.021301,9.225641,9.960157,9.846025,10.871298
7740049563,8.363041,9.233596,8.084288,9.051048,9.25514
7820003262,11.272154,8.738538,8.669721,8.6527405,8.523141
7820008253,9.092152,9.484792,8.743438,9.379763,9.403896
7820010162,11.577658,10.764033,9.090933,11.84946,9.707789
7820014623,4.7859635,4.227377,5.4073462,5.287493,6.3825827
7820016193,5.62588,5.268375,5.0429573,5.8982525,6.157725
7820016643,9.865793,9.502478,7.2846594,8.698796,9.223212
7820016663,4.989478,3.820704,4.827627,3.9608908,4.2443237
7820017282,18.283611,14.890714,15.409881,17.09719,17.15639
7820017513,12.368659,12.407574,11.393482,11.810747,11.361329
7820018572,14.126429,14.144976,11.990689,12.939626,11.79978
7820024162,3.603999,2.5909047,5.27261,2.9592927,2.222463
7820031233,2.0414064,0.45683363,0.85628796,1.2646377,0.5702315
7820031243,1.1389742,0.9181603,1.1155686,1.4338037,1.4362333
7820031253,0.6461971,0.50653434,0.465802,0.46275222,0.720621
7820031263,0.37861136,0.2576558,0.23602387,0.49206048,0.3222134
7820031273,0.49147022,1.0385238,0.89432883,0.7222922,0.81584084
7820033922,2.333922,1.768554,2.427613,2.1010642,2.9679885
7820034213,2.4132366,2.4276025,2.645423,3.1034913,2.9688456
7820039162,2.1358232,2.0764294,2.649808,2.2357268,2.8252485
7820047173,4.472329,5.4191694,4.2868404,4.47801,3.8989754
7820052753,1.6027634,0.9328702,1.4431998,1.279895,1.2319741
7820052763,0.7856539,0.9290252,2.2830784,2.1364675,1.6828187
7820057683,7.1739073,5.689582,5.285369,6.5111346,6.0407553
7820061193,5.0829163,3.9620245,4.8097634,5.636531,5.2572265
7820061732,4.842681,5.8320985,5.8898687,4.1094337,5.222381
7820061863,4.5960426,3.270002,4.568759,4.2161555,5.2188106
7820064473,6.7264943,7.7695413,8.921487,7.306838,6.9285445
7820064483,3.5276525,3.3460708,3.9678922,4.0207825,3.6707604
7820065372,3.424434,2.944396,5.5962005,3.4008572,3.3043916
7820066603,2.4809809,3.20352,2.8089786,3.842517,2.7502623
7820066613,2.1165211,2.835875,2.2659264,4.9257402,2.9526386
7820068182,5.023563,5.5408773,4.2582655,5.0315166,5.044489
7820069173,2.891575,3.0953805,2.9512048,3.9073412,3.432913
7820071213,5.40012,5.171445,4.8387294,4.979538,5.6189194
7820071293,4.1936746,4.159732,3.6037688,4.1096992,3.9043875
7830011152,0.8110825,0.87507236,1.6654822,1.4198663,0.8876397
7830012852,0.8352213,0.53344774,0.31059432,0.95822084,0.20588325
7830013072,0.0009103472,0.026799787,0.038269464,0.011438671,0.044073768
7830015032,0.09355111,0.064494155,0.06233462,0.06571614,0.04876127
7830022822,0.78088266,0.5938484,0.97863096,2.5571597,1.3795203
7830026522,0.16329136,0.55461144,0.13298783,0.16445577,0.18904215
7830103662,6.0252056,6.503134,6.05575,5.7912045,5.5741954
7830104683,8.989161,8.195449,8.199842,7.2120714,8.245226
7830149333,1.5887182,0.9495096,1.965704,3.3884225,0.6867383
7830150212,4.8420253,5.274124,5.336031,5.943579,5.1819167
7830150222,6.8909297,5.546063,7.0917172,6.2722607,6.8509336
7830151942,5.231354,5.046975,6.012413,5.43218,4.993797
7830156602,4.9128027,5.3078423,4.634836,5.601708,4.5875754
7830157822,4.902429,5.615545,4.4083114,5.2423406,5.610653
7830169252,3.993386,4.689843,4.2914653,6.3738184,4.0270166
7830169422,4.6454697,5.544767,4.9162474,5.362771,4.492729
7830169633,4.1603823,4.781973,5.1185837,4.572134,5.0813127
7830169653,5.7455654,5.5952106,4.8800454,5.19768,5.3506546
7830169863,4.385554,4.4382997,5.457724,4.9552927,4.695808
7830169882,4.655846,4.8620014,4.7230597,5.087324,5.4612293
7830169942,5.9855156,6.4889817,5.7307305,5.420602,6.112425
7830174892,5.2699614,6.4343333,6.016536,5.927981,7.02965
7830175063,4.708178,5.025556,5.481183,4.259712,4.4869947
7830187203,0.0701799,0.125286,0.02612175,0.039270196,0.0760927
7830198862,3.5830848,3.1860154,2.3859828,3.3894966,4.087794
7830202462,5.2577624,4.2303276,3.59062,3.4580421,4.3673925
7830202763,3.3014512,1.8566412,1.944599,2.8002586,3.8053694
7830218512,4.23125,2.851679,4.4969463,5.3073606,5.3823695
7830222142,0.970373,2.5285532,1.4349787,1.7837414,2.2405882
7830223602,1.326278,2.3879526,2.053957,1.3589121,1.1022658
7830240442,5.4436207,7.467289,6.048174,7.725169,4.9338593
7830240462,4.841299,4.8045073,4.8429837,4.6233616,6.2027802
7830240472,5.154413,4.7865553,5.276389,7.0072527,5.1113353
7830240482,5.8894954,8.757825,5.145294,6.943011,6.476056
7830254612,4.3903003,5.582717,3.5165596,5.5032225,2.8836014
7830255272,7.7072234,8.445573,8.916793,7.76453,8.161516
7830255812,4.0399666,5.655339,5.8889203,5.9690094,5.2218275
7830259262,5.003636,6.0287366,5.5706744,5.875963,7.4003673
7830263433,2.9061625,2.9612808,3.2364368,2.0110903,2.9415412
7830263482,3.5375292,4.3608966,5.851204,4.265313,5.703895
7830263593,3.418846,2.103873,2.0352,2.1515431,2.0658345
7830263943,2.13207,2.0242302,3.01402,2.7389245,2.1595588
7830274982,6.6415668,4.618242,6.1920805,5.897487,3.6630368
7830307443,1.4408178,2.477352,1.6724759,3.8886192,3.3224854
8120072802,0.007239856,0.0061524813,0.010540624,0.0041103377,0.0114372615
8120095152,0.0072093746,0.029899655,0.019470507,0.006075045,0.00872462
8120126252,0.008813121,0.0026860987,0.04349821,0.019908536,0.011978567
8120141372,0.0050753434,0.02183619,0.013923879,0.011956224,0.007057244
8120157753,0.006223168,0.008408053,0.0030472346,0.006841326,0.0058681206
8120221792,0.0025101993,0.008054921,0.004622969,0.014701406,0.011060886
8120271112,0.021803811,0.008092734,0.01273497,0.007235546,0.026386816
8120456042,0.0085927,0.0059127356,0.003184431,0.021515058,0.009307597
8120495402,0.011524608,0.035692506,0.010563517,0.04777929,0.037600197
8120511402,0.0033668322,0.008975146,0.004719617,0.030949181,0.0068286406
8120511712,0.009010219,0.00943899,0.015826372,0.014295029,0.01711792
8120654022,0.19239841,0.104078084,0.18869023,0.06945762,0.069190554
8120662592,0.061876126,0.031660344,0.077268615,0.18999979,0.20155178
8120667133,0.20928086,0.6708641,0.35276425,0.80718595,0.38094762
8120667403,0.12694788,0.21676573,0.125335,0.3841774,0.416124
8120667413,0.80079746,0.6042224,0.64554375,0.6777835,0.51497823
8120667493,0.034155644,0.048115354,0.10377232,0.0647614,0.049972344
8120667523,0.04320793,0.09527531,0.032933567,0.064799204,0.08882699
8120681353,1.5163656,1.2016296,1.1379358,1.8493146,0.7688118
8120691283,0.11428645,0.12436158,0.12998503,0.0977273,0.080768034
8120691293,0.008700216,0.062425137,0.005973395,0.0017991813,0.038149614
8120691303,0.13124682,0.15165257,0.1894704,0.17259526,0.19473644
8120691373,0.57896507,0.5591803,0.5687274,0.8370281,0.7703834
8120699882,0.10899074,0.087807745,0.16974582,0.14335085,0.17375742
8120816673,0.010222333,0.0070736734,0.012768434,0.010417216,0.018423894
8120832362,0.057996962,0.056512132,0.033183165,0.03407792,0.079484805
8120861962,0.060527675,0.37025946,0.1414107,0.32421666,0.16185743
8120868353,0.018754162,0.017500907,0.025536908,0.0321488,0.012990078
8120877302,0.02129332,0.026570203,0.036950823,0.039843343,0.039930806
8120892183,0.0420843,0.022166373,0.032569177,0.020109626,0.00834413
8120929533,0.6527528,0.61653155,2.506809,0.82057935,2.0271
8120931843,0.08924059,0.069423825,0.075702935,0.13895616,0.062937945
8120989333,0.07259019,0.07342313,0.10671814,0.095679134,0.07826862
8121011373,1.4441646,2.0939474,1.7001541,1.9021044,1.4670204
8121019882,0.89899635,0.89617765,1.1726496,1.554312,1.5499239
8121027472,0.4820846,0.45905074,0.70796514,0.32375556,0.26136988
8121039472,2.3405058,3.005331,2.7488093,2.1115289,1.8862938
8121042463,0.5979526,0.562587,0.34199643,0.56216806,0.5967072
8121044853,0.25752115,0.42146608,1.4441936,2.9754224,0.3060327
8121047682,0.28318116,0.17909524,0.26550257,0.20116642,0.24290033
8121047693,0.23515138,0.39004916,0.4052825,0.4734429,0.5308863
8121080103,3.0544457,4.156847,3.5823083,4.062059,4.0955625
8121093432,1.1780052,1.4311193,1.8866241,1.2790782,0.99200577
8121248832,4.9502153,4.4260445,5.1944056,5.0049233,5.498391
8121277932,0.43083248,0.910954,0.30750424,0.9263906,0.60806113
8121352603,5.1821775,6.154002,4.682235,5.6761575,5.502009
8121352633,0.04722663,0.035403945,0.15623981,1.3896962,0.11089305
8121355632,5.7589083,6.488293,5.452441,7.421974,6.7633686
8121358722,3.9923935,4.7575684,4.777507,5.9526863,4.950568
8121361142,1.3235908,1.113435,1.2386758,1.2362106,1.4807014
8121375883,4.0932436,4.584685,4.0893583,5.829876,5.2544003
8121380023,4.5397263,4.2694817,3.807944,4.3862076,4.806921
8121402392,5.638298,5.6075974,4.1815405,4.1353984,2.86954
8121432872,2.7587867,3.3574727,3.8173811,4.854421,2.7635198
8121504282,4.53883,6.019509,4.073179,6.394543,5.2444787
8121512912,4.0026703,4.288349,2.4476864,4.5471973,4.872339
8121522272,4.877256,3.8265538,3.946832,4.8196974,5.7174683
8121545933,3.449669,4.259723,4.8064137,3.506109,3.5422952
8121566202,2.6712055,6.141562,4.769733,4.2001204,5.9681706
8121574062,1.3025917,0.9943396,2.3571122,3.4406931,2.3266966
8121577392,2.024756,2.307067,1.5695465,1.9727643,2.4720879
8121590282,1.3937389,2.468141,2.6199603,2.1558414,1.7137806
8121603332,2.1101513,1.7201955,3.0227194,1.4395458,2.0408819
8121618282,5.027649,4.994606,4.2293196,5.744213,4.746006
8121625162,6.110338,3.6046617,4.0872416,5.354596,4.801181
8121626943,5.8648434,6.2487526,5.4298186,6.2534924,3.627803
8121626972,5.8614836,5.7351513,6.0072865,7.012685,5.697195
8121627103,4.9855695,4.4697404,4.4597936,5.135106,4.7216682
8121627142,3.6691935,4.144746,5.0163317,5.541524,4.9339056
8121627153,4.3809276,3.850755,4.9239173,4.2791085,5.4384246
8121627163,4.618956,5.0015345,3.9327083,5.370976,3.9375427
8121627193,4.0070415,4.3176517,4.6001062,5.2785196,4.667352
8121648812,4.891218,4.6686773,5.5580587,5.5151215,6.224543
8121662102,3.7411184,4.323759,4.257525,4.576145,4.9833055
8121667042,3.3133647,4.3047156,4.205484,5.5621,4.08173
8130047542,2.454111,2.2607481,2.0222309,1.8178421,2.2498848
8130469242,0.012428496,0.010856397,0.05231717,0.06275326,0.025630979
8130469812,0.04587312,0.06417906,0.04084641,0.06396538,0.024150807
8130471582,0.01583022,0.039900094,0.0070787943,0.033370063,0.046812188
8130509202,0.006225364,0.00958694,0.008328519,0.008562808,0.0132104
8130528522,0.21143892,0.30241945,0.020012835,0.014864998,0.020095374
8130550652,0.0010714713,0.005523169,0.0022037595,0.0021439618,0.006700028
8220029723,4.8232527,4.740756,4.626378,4.5190206,4.475012
8220029783,6.2204437,7.9448795,5.8931527,4.814974,5.464235
8220029793,6.1336446,5.5752525,6.083326,7.2933993,5.161318
8220036882,6.3752313,6.693896,4.8983035,5.6428,5.935583
8220037522,3.7387676,4.995453,5.282395,5.2320347,5.066306
8220065702,3.4104538,3.8714232,4.7106695,5.0128765,5.341487
8220070482,4.031776,4.1405687,4.736971,3.455038,5.322001
8220078842,4.0710816,4.0741034,4.184885,3.8989944,3.876647
8220078952,3.7646472,4.984079,6.992043,5.6512885,4.4992323
8220097752,4.8907666,2.8417196,6.224258,2.709447,4.025112
8220098632,5.4684772,5.165728,4.8230696,5.16088,5.6009483
8220115113,5.7585692,4.081514,4.4475684,6.0187144,5.2056413
8220125022,8.094375,8.541175,8.236242,8.080239,7.8245535
8220139222,8.97671,8.913955,9.779591,7.5919037,8.397106
8220139253,7.6916504,6.8285313,9.596318,7.1921387,7.678136
8220368092,1.1085141,0.8883786,0.48043832,0.8707886,0.47668508
8220392452,0.5236134,0.39239836,1.239644,0.8133654,1.3178084
8220444502,0.25206894,0.85326505,0.49496964,0.29786783,0.51852065
8220464682,1.3773274,1.1975429,2.143386,3.135334,1.0688151
8220476332,2.2163472,1.6852329,1.6517335,2.5477777,1.3272495
8220491582,1.02656,0.47634116,0.55285025,0.50697696,1.1541301
8220538282,1.4311959,1.2368914,2.410343,1.8548865,2.0229585
8220622223,3.4126675,3.2066374,4.3523235,3.3400776,2.82427
8220649722,2.4832957,3.5856397,2.2090528,4.4082804,3.0943987
8220652883,4.095411,4.062525,3.062682,3.7827754,4.326248
8220670642,5.32302,5.9201517,5.766526,6.2080646,5.5159597
8220681172,5.0903034,4.2774043,3.296115,2.9684901,3.5557122
8220719022,4.949956,3.6488194,4.426997,5.7443295,4.197644
8220736573,1.6998742,1.8930109,1.8034276,1.3603022,2.4280367
8220746742,1.1508362,1.4549012,1.3478904,1.305962,1.218274
8220756123,1.3307436,1.6151562,1.667011,2.186829,0.89902407
8220756133,2.40927,1.3864754,1.8003628,2.0724273,1.9866405
8220812383,0.96827936,1.0189179,1.0571378,1.3790101,1.0254335
8220822292,1.3204104,1.5620059,1.4434026,0.87867886,1.0008862
8220823202,1.7738853,2.7974448,2.2608058,2.0190089,5.073738
8220826782,2.198204,1.4749126,2.3975368,4.5316033,3.5647712
8220827372,1.9431131,2.264092,1.8707058,2.5491214,1.707983
8220840363,1.9694228,1.1957866,1.3976334,1.5766412,1.3484385
8220859202,1.4806861,1.11486,1.7281936,1.6611291,1.8938648
8220868032,1.7346661,0.9379647,1.623247,2.759224,1.286202
8220868532,2.6649628,1.7164406,1.4515465,1.350217,2.715726
8220868663,1.0748558,1.3294396,1.2060194,1.2593734,0.7944733
8220868712,1.6957867,1.6079059,1.8023201,2.491943,2.3036737
8220882672,1.0392926,0.98690933,2.0376127,1.6039823,1.6500038
8220886102,5.232367,4.4864407,4.337727,4.0473895,4.073979
8220893482,4.4557877,4.7375846,3.82409,4.9118958,4.942602
8220895242,1.2367321,1.9159503,1.4592535,2.4970827,2.2154856
8220900152,2.1687937,2.040399,1.0069802,2.1121154,1.2171501
8220920202,1.0028653,2.040972,3.3316648,1.3878833,1.7564503
8220929772,1.489332,2.2874684,1.7136459,2.449762,1.6354139
8220959962,2.1574504,1.6991415,2.9910562,1.4006944,2.082284
8220966072,1.623918,2.0032244,2.6442504,1.685219,3.0165274
8220993253,2.2753556,1.8197703,1.5627034,2.6846673,3.0676422
8221008452,1.4310468,2.384539,2.4498982,2.4037588,2.9947104
8221008633,2.1961472,2.9570565,2.701314,2.9450264,1.4637377
8221008743,3.250276,2.5431256,1.8194005,3.373304,1.5769678
8221042482,0.4438437,1.6489172,1.0832999,1.5981529,1.294304
8221130682,0.97267276,0.9942652,1.0778446,1.3323479,1.132127
8221154572,0.6456539,1.6161193,1.1587554,1.7196423,1.1896888
8221197822,1.3147233,1.1569301,1.4247553,1.635221,1.9245429
8221230132,2.778927,1.7169613,0.8082787,2.2535422,2.1128418
8221239792,1.4344994,3.2694895,1.1056048,1.9089069,2.6706235
8221242902,1.7155507,1.8033736,1.6356496,1.8909461,2.6445756
8221243142,1.4816787,0.9552282,1.7093971,1.7356459,1.0719025
8221267752,0.98003066,1.7702175,0.7160024,2.3130999,1.063776
8221279072,0.7755792,0.9256671,1.4189688,1.485208,1.0680279
8221299713,0.61607385,0.8213671,1.3916104,0.9992471,1.6340197
8221299753,0.8025676,0.8280568,1.3849524,1.4492462,0.99506724
8221310122,2.240385,1.7949922,1.0003018,1.1176986,1.3174323
8221316322,1.0549166,1.1415933,1.4070604,1.8022168,2.1717553
8221318453,1.831836,1.1733146,1.5359311,1.2864337,0.8536737
8221318772,1.5453879,1.2283015,1.407497,1.7210826,1.531914
8221318793,1.798672,1.7906294,1.6846716,2.0492792,1.8975405
8221327242,1.3916768,1.137346,1.1023692,2.1811728,1.4202297
8221327412,0.5541545,1.5521585,1.8741754,2.428666,0.7068366
8221329742,1.8563557,1.2703085,1.5121005,1.4752507,1.2498372
8221336062,1.3438447,1.1543312,1.4540204,2.7054079,1.7514621
8221336912,0.9831929,1.1711885,1.5378642,1.4677424,1.1808174
8221338762,1.3237643,1.4866997,1.8486528,0.9397344,1.7618488
8221338772,1.4332532,1.2711204,1.3541766,1.5309796,1.2826968
8221344732,1.8234076,1.9508209,1.4586544,1.6789554,1.5138409
8221355502,0.8069565,2.1447883,0.973635,0.8466551,0.9462428
8221382972,1.168489,1.9636003,1.8999139,1.3653592,2.1678052
8221384672,1.8875581,1.6778178,1.4844308,1.4040384,1.4241192
8221388562,2.2559195,0.8587137,1.6638204,1.4312764,2.8047085
8221388712,2.3300018,1.3687837,1.7552073,1.9725214,1.408581
8221405672,2.3081043,2.793325,1.6891465,2.2862654,1.311424
8221418332,1.9028996,1.7398331,1.8286374,2.8798878,1.9337817
8221424212,3.1572506,2.1055102,0.7035715,1.650393,1.245391
8221507172,1.1354779,0.74142724,1.2651957,2.2024894,1.7296916
8221520472,1.3056924,1.809027,1.2253124,1.3551452,1.1303692
8221520502,0.50274074,2.293384,2.4728634,0.6631927,0.6235928
8221522392,1.2894149,1.7739639,1.9679575,1.4009309,1.1711786
8221524392,2.0600297,1.4798278,1.0683967,1.1711643,1.002726
8221524542,1.2950256,1.4704399,1.3410969,1.0391755,1.518322
8221533982,1.9919696,1.6676819,1.3097292,1.908835,4.52064
8221558412,1.7141273,2.5129762,1.8882232,2.2510207,1.8114567
8221568932,1.6530428,2.1032047,1.4719826,1.3985586,2.2391741
8221586482,1.6129258,2.7313275,0.8217148,2.362932,2.4488819
8221623922,1.9495146,1.5042393,2.0138419,2.9478333,1.2351263
8221645962,2.5826607,2.5154889,2.5553148,2.4369285,2.380774
8221651322,2.8322995,2.1157298,3.05016,2.0522542,2.4349384
8221664662,3.4078784,1.4477971,1.18017,3.5834033,3.1185436
8221665252,1.7822995,2.6309893,3.1616945,3.0310225,1.704818
8221665312,1.9224341,2.1452966,3.3390458,2.969026,2.4779892
8221713132,4.7445297,1.8416604,2.0471914,3.1474404,1.7892325
8221721332,1.732597,2.9175296,2.1461225,2.0637803,3.7935398
8221722972,1.617771,1.9561837,1.0344232,0.7777837,1.3245537
8221731402,0.7436111,1.1491565,0.47588494,2.9985337,1.4273896
8221731612,0.9328028,1.3260529,1.2763178,1.5366662,1.4004968
8221746922,2.155834,1.6579275,1.3307825,1.8239592,1.9436986
8221750432,1.9952946,1.2565737,2.6173584,2.0550742,3.028458
8221764752,1.7924591,2.0840352,1.4636137,1.7372489,3.4804168
8221766522,2.2932367,2.4918935,0.81076336,1.136803,2.3593767
8221793052,2.393625,3.559707,1.6024578,1.2225873,2.10296
8221814802,2.7350454,2.4447482,1.548854,2.6642742,3.0991313
8221832122,3.2277908,1.964599,2.9621515,2.9853446,1.3846878
8221855442,2.4091406,3.2911787,3.6207018,2.5173373,3.157772
8221911032,3.0804243,2.794328,3.4396935,2.8864667,2.602753
8221913882,3.429244,2.65194,2.6414857,4.101592,2.4897346
8221929572,2.7421377,2.7799118,2.6016676,3.5120895,4.3519526
8221930632,2.6886835,2.938505,3.1167574,2.9423714,3.6265414
8221931152,2.8331325,3.1373281,2.7406201,3.9701414,2.509242
8221931462,2.598786,4.189175,3.0959828,2.6004407,0.9981919
8221931472,2.0801032,3.3612072,3.5297241,1.3775544,2.970517
8221950912,2.549489,2.574046,3.44843,3.884633,2.7567677
8221951062,3.582367,3.2583277,3.5100808,2.8700542,2.3871696
8221951083,2.8027575,4.175594,2.5136805,2.065345,2.3853643
8221956942,3.3789713,2.3375309,2.979914,2.8215787,3.91041
8221956953,3.1151128,2.4499855,1.841625,3.7771533,2.563283
8221978682,2.336578,2.8528714,2.6594603,2.9195206,2.9221911
8221991092,3.6071577,3.5267613,3.6604013,1.9426425,2.0900571
8221991163,2.6131706,2.8063016,2.2027206,2.6199675,2.784723
8221994082,3.0141697,3.3144164,2.4361105,2.2280774,3.3576143
8222001802,1.132125,3.415701,3.9976807,4.279743,2.3224795
8222009372,4.185592,4.461191,4.596691,5.534629,3.9755878
8222015902,2.7043972,4.9404535,4.157573,3.7759478,3.3647125
8222020522,4.2470775,3.083318,2.1676986,3.2741508,3.149398
8222038442,1.2887409,1.3389313,1.2346047,1.8331497,1.6146152
8222039212,1.4214563,2.5745,0.62394613,1.07965,1.6169302
8222083562,2.8284426,4.087149,2.3072512,4.0491204,3.2673516
8222085652,3.2411077,3.3590062,3.86832,4.3302336,2.5788753
8222086822,4.5725727,3.3327181,3.6659515,3.6017036,1.5372208
8222103742,2.32392,2.5804489,2.9123821,4.1807837,4.1351457
8222109792,3.23832,3.951266,1.6288364,4.257284,4.002463
8222133612,3.988629,4.3423533,3.097754,2.1407373,3.8240757
8222141502,0.46162528,2.2911236,1.6393986,3.6081614,3.2061465
8222159093,2.752102,2.5266542,2.766713,2.0568771,1.8185804
8222180532,3.2454426,3.8451042,3.335809,1.8413,2.8538468
8222190182,3.3677316,3.6019847,2.2521384,3.3244538,2.7930853
8222231502,1.5754426,2.9091163,2.003454,2.1328263,1.2620986
8222233242,2.2041569,1.6947463,0.8204266,3.4154248,1.8937196
8222235432,2.45852,2.525623,1.5512946,2.2638335,1.9416673
8222242852,2.4218583,1.9584498,1.2623953,1.7575914,2.6248236
8222244902,2.0360978,3.0236564,1.807081,1.7604858,1.1158969
8222259702,2.0883257,1.2369691,2.1377182,2.6039603,2.4329796
8222296273,0.64574283,1.4431229,1.6625202,0.6122989,1.5095669
8222296793,0.87541574,1.3591785,1.3157825,1.2654561,1.4649801
8222299212,1.0699029,1.3073907,1.8326786,1.4994,1.2731467
8222300032,0.6621741,1.1732455,0.9243938,1.270396,2.073328
8222307872,0.8229805,1.7124273,0.9781082,2.468773,0.84227395
8222322652,1.8352848,1.3318143,0.8414906,3.0174763,1.4879405
8222345362,2.679569,1.4011377,1.852226,2.0654745,2.6346688
8222349232,3.8037636,0.67798144,1.6060638,1.299436,3.2068534
8222362882,2.557509,1.6415765,2.4520946,2.4839242,1.9333183
8222363612,1.6487775,1.5222417,1.6084092,4.4453883,1.6715636
8222364272,2.6064086,2.4449651,2.008695,1.734447,2.1381865
8222387232,0.9660103,2.041385,2.3582458,2.0760322,3.205103
8222393832,2.079503,2.5960603,2.301527,1.5456111,2.449727
8222394022,1.7382169,2.2235043,2.176444,3.0380216,1.8505164
8222403222,1.9841645,1.6605523,2.5028389,1.9981688,2.5641017
8222417312,1.7125775,2.8273575,2.8787966,2.8665514,2.0901382
8222417332,1.2967272,1.5361748,1.5744569,1.442544,1.4782429
8222433572,2.4074492,2.5130818,2.0469675,2.116833,2.9746358
8222484363,1.5544169,1.732452,1.5888226,1.8163011,1.3495514
8222507482,4.2999554,3.0689368,2.9435492,3.3085246,3.1699038
8222522402,3.551059,3.4378705,2.013058,4.9805512,3.071297
8222538062,2.5612977,4.09776,1.7761078,2.004518,2.3651714
8222590442,1.9480445,1.8657751,2.24853,2.3662765,3.2434795
8222590692,2.3576493,2.1347258,2.341018,2.427209,1.8105673
8222593752,2.9367456,3.5846536,2.7323325,2.493842,2.9142008
8222642542,2.6230125,2.341754,3.86115,3.4376802,2.0345788
8222662712,1.7360948,2.5480156,3.1064606,2.5615885,2.883646
8222662932,3.5126343,2.6571307,2.9997044,2.28621,2.1655242
8222669533,3.0484304,3.9250166,2.986682,3.2834291,3.6288567
8222671292,4.5906935,3.315373,3.1496835,2.5199468,4.1899285
8222690132,2.5734217,4.1222744,2.6819096,2.423156,5.349521
8222693472,3.5466352,1.0481144,2.279805,1.4676445,2.1968853
8222720812,3.6766872,3.3469527,2.5090992,4.2510476,2.0189526
8222729472,2.3888175,1.3607782,4.9451094,2.8392456,3.2492306
8222730542,3.951546,3.2371068,2.376599,2.2724211,1.8687263
8222730702,2.6856937,1.8730938,2.8921146,3.4017973,3.2196374
8222737472,3.0710661,3.2669706,1.3536322,2.098406,3.877367
8222741002,1.9859302,3.221229,2.3731954,3.3963788,3.163778
8222745602,2.212007,2.5022664,3.0056925,2.454245,3.5417988
8222763202,1.7991084,1.3346118,2.1155968,1.4126856,1.4484143
8222764042,2.818777,2.2889323,2.157662,3.2323613,3.5262022
8222767432,1.2219856,2.2276745,1.4414997,1.4706507,1.9063021
8222774182,2.2202592,2.4588318,4.1685257,3.3135653,3.667974
8222802582,3.7908916,2.5042677,3.256281,2.3453686,3.4713202
8222810372,2.121277,3.0868344,3.9128451,3.0846612,3.4251442
8222810932,3.048251,4.057157,2.705853,3.7213387,2.0962062
8222817902,2.418861,4.1987357,3.0233972,2.6514628,3.0730124
8222835902,2.2816765,1.9139904,2.5020075,3.0190868,2.103254
8222835982,2.528086,2.0918708,2.623966,1.496668,3.1975281
8222837723,2.0737498,1.3768563,1.396369,2.5823538,2.2462215
8222837732,2.6301172,1.6219141,2.3014727,3.1597784,3.203212
8222870772,3.2583098,2.3206682,2.9067543,3.190332,3.1087565
8222870852,2.2829132,3.501437,3.1004138,3.5611792,2.337169
8222885202,2.8506975,2.5095444,3.3210843,2.5586972,2.54564
8222887422,2.602759,4.4071345,2.1781168,2.9148014,3.0557973
8222892662,3.0290866,3.015553,3.0686285,2.4077165,3.4947162
8222899372,2.4109113,2.53075,3.937364,3.7776577,2.8836505
8222900472,2.0176346,4.1819572,3.6709332,3.0497746,2.250763
8222902902,2.440297,3.0395007,2.3790069,3.627472,2.3819058
8222917502,2.364222,3.4822903,3.116248,2.5324655,2.1946604
8222917892,3.083603,3.273861,2.3921337,2.091073,2.3012028
8222918192,3.5529797,2.5390732,2.1789377,1.8553268,4.271586
8222934412,2.3868642,3.077021,2.5260563,3.0645146,3.6308565
8222935102,2.6544008,1.8401412,1.553669,4.8350434,3.1628096
8222935472,1.9986751,3.6488304,2.6303935,3.7687116,1.7616704
8222940152,1.9274529,4.9766297,1.902865,2.6768363,2.9394321
8222971102,1.2702769,0.59572697,1.7181088,1.1394002,1.0646416
8222978522,2.1155922,1.4708544,4.7150273,3.3351798,2.0705192
8222981582,2.8047154,3.5437148,1.9054486,3.1773555,2.5200696
8223005482,2.73919,2.7331433,3.8567953,2.462028,2.3324726
8223027262,1.5475575,2.4869213,2.54625,1.9535813,2.6587973
8223051592,2.143687,2.790771,3.113011,3.2755609,2.5967839
8223068372,1.9129255,3.6967752,2.4847653,2.8944385,3.1913123
8223068432,2.232324,3.3938305,1.8840623,3.3681848,3.6732728
8223081322,3.3382103,2.700809,3.151763,3.1354663,2.3190293
8223081342,3.1282525,2.8615658,2.2211273,3.5625548,2.871311
8223086812,2.1236408,1.6141278,3.6204593,3.7135568,3.650161
8223091992,3.522698,2.7502224,2.7317522,2.3598497,3.3419073
8223099882,3.5055325,2.6195726,2.7251039,2.0451417,3.6878219
8223133613,2.6499915,2.9037783,2.6960294,2.7315474,3.2834911
8223139782,3.5528603,3.4347022,2.1277668,3.315461,1.913606
8223143572,2.8576965,1.5802983,2.6736343,4.736613,2.5577366
8223143592,2.3333385,1.8187186,3.522746,4.4277554,1.7353088
8223162742,1.980482,2.8291614,3.0010538,3.338389,2.861468
8223162752,3.525935,2.171199,2.9305725,2.9869974,2.6354077
8223178043,2.8027868,2.7576115,2.6949146,2.8516603,3.3981483
8223258122,1.8911506,1.4987737,2.06272,3.0746305,2.439583
8223259142,2.1726632,2.3153033,2.1017041,2.8632286,1.1065158
8223269912,1.4842231,2.5850546,3.3366604,2.9950533,2.384404
8223303872,2.2631326,3.3073926,2.7764876,2.2045996,2.4523678
8223304412,3.0601218,2.5952442,1.9874448,3.1869926,2.3366947
8223320472,3.0897222,1.393005,2.6746573,2.7324646,3.2792764
8223320482,3.3554542,3.1907568,1.8024205,2.3641083,2.4941049
8223342763,2.3128343,3.1960175,1.5384476,3.4902916,1.9735069
8223356402,2.2892673,3.5780647,2.492736,3.1951785,2.2472544
8223361222,2.7130668,3.3539977,2.6077871,2.1929076,2.7592218
8223368262,2.4091086,3.4110577,2.001264,4.1777225,1.6663792
8223371712,2.3752704,2.5283685,3.0053616,3.778685,3.0231915
8223375572,2.7837188,2.9416397,2.9246397,2.2537167,2.538015
8223398042,2.7777557,2.1974938,2.6120882,3.0647628,2.8326411
8223398072,3.115402,2.3113396,2.9877605,2.438389,2.4875336
8223413202,3.0668278,3.0009124,2.4319892,2.5490499,3.1118693
8223460242,2.3745203,2.531292,3.2536178,2.640656,2.503449
8223466472,3.2292728,2.351222,3.7018454,2.4818468,3.151401
8223466492,1.5763493,3.388043,1.8436658,4.961247,2.7568443
8223478132,2.725971,2.126895,2.9656029,1.9870224,3.2789512
8223481202,3.2841005,3.2696605,2.3452594,2.337913,3.296394
8223523032,2.0853577,3.824046,3.3654163,1.8146664,4.3869524
8223663652,1.3034773,0.8146326,0.9457038,2.2040112,1.895189
8223670152,1.3239564,1.3235065,0.65013295,0.83328575,2.2419648
8223681932,0.7254904,0.83260727,0.920496,1.1146002,1.0556554
8230031312,1.7037499,1.83337,2.907315,2.2339945,1.6354334
8230041202,1.940295,2.0248272,1.4843248,1.6154082,1.319297
8230054382,2.6443326,1.6496997,1.7292619,1.7148178,1.1564125
8230054512,2.2509577,1.9101906,1.2928486,1.7930475,1.6846284
8230054932,1.3015473,2.012623,2.805974,1.491224,0.72243094
8230055332,1.6292272,1.9885561,1.5875572,1.7296641,1.5689478
8230084052,1.6243287,1.6414554,3.0288644,0.7504313,2.2609057
8230084062,1.5180048,1.9372556,1.7061231,1.887347,2.050774
8230153153,2.7635164,2.3555465,1.8488812,2.271999,2.8306358
8230206542,0.09866742,0.094907306,0.20963201,0.46324036,0.0639681
8230273432,1.0426247,0.9209371,1.776916,0.9877157,0.51347667
8230326152,0.048908483,0.04319559,0.10778163,0.056332737,0.026776256
8230362672,0.09552542,0.06853048,0.11606084,0.11568776,0.126865
8230463612,1.6503364,3.0008428,1.2668095,0.59515667,1.3606011
8230465062,1.1973506,1.6117362,2.5230198,1.966097,2.0700114
8230485662,2.2789984,1.1292974,1.3762237,2.777152,1.3781738
8230597292,1.3192859,1.4958755,1.6759626,1.1448082,2.3094037
8230601192,1.4245756,1.3275614,1.5169234,1.6727743,1.4711567
8230601362,1.721166,1.517439,1.2272117,1.3921373,1.179949
8230621312,0.9557126,1.2120486,2.3571267,1.0644082,1.9094499
8230629672,1.4513512,1.2694936,0.6514399,1.4105512,1.2450488
8230663932,0.986835,1.3385731,0.8929087,1.7342373,1.4761155
8230705412,3.064805,2.742105,2.051602,2.3054934,2.6944118
8230714262,2.5619051,2.8864279,1.958663,2.672028,2.7708867
8230746912,1.2461567,2.5965693,0.61018586,0.36898676,1.4051591
8230764312,1.0734483,1.0144614,1.5863461,2.3764253,1.1998471
8230764412,1.0635269,1.9031808,1.2967155,1.81811,1.5937234
8230764432,1.827443,0.884676,1.5479532,2.571366,1.1559322
8230764682,0.113838956,0.085325725,0.11982602,0.074417,0.06235979
8230804792,0.0123819485,0.022950849,0.06321989,0.5419258,0.056818396
8230839752,3.6692646,3.1731207,3.9012465,2.331404,2.3372571
8310000412,3.0404725,3.5542238,1.8579221,2.909014,3.724853
8310060862,2.6841335,2.2623074,2.9793153,3.0038705,3.0526655
8310109482,1.6287633,2.8114214,3.6057878,3.8165762,4.7385015
8310109592,3.7596807,3.4701905,4.3152733,2.593614,3.479504
8310125002,3.051823,2.5643423,3.1339831,3.493073,2.3457043
8310162162,2.1789055,3.092195,2.5380535,2.5839357,5.4127917
8310162182,3.2258701,2.4321733,2.3099122,2.9469259,2.769393
8310162352,1.6047701,3.099839,2.5802753,1.9990829,1.8343791
8310162482,3.0624337,3.631012,3.5708926,2.886626,2.4681406
8310162492,2.062481,3.0277786,2.4872346,2.926845,2.0359664
8310162502,3.029504,3.1407459,1.3797873,3.0753803,2.446331
8310198072,2.3963642,3.4023278,4.1631517,3.029236,1.847915
8310203112,3.5351372,2.303234,3.0506716,3.3484073,2.289908
8310203122,2.1914628,1.910244,2.7217185,3.4878986,3.6265106
8310207762,2.5948648,2.5358315,2.912085,3.0845232,2.3677921
8310214822,3.5386813,2.0026078,2.3764262,2.6556385,2.7172601
8310215912,2.5924885,2.9918513,2.237222,2.1350648,3.4358013
8310235402,2.9053118,3.2146523,2.9175663,2.8342752,3.8543859
8310251352,3.6194947,3.121027,2.0919414,4.3071265,3.1182144
8310255303,3.851696,2.6447365,2.321838,4.161298,2.3615155
8310265552,2.531239,3.1921842,3.75895,2.717423,3.2699318
8310291933,2.8663511,3.1069906,3.6218452,3.1580086,2.7696419
8310317213,2.6603065,1.7758654,3.5012414,3.4850771,3.627134
8310334402,3.1358724,3.302806,3.403742,2.7276232,3.8168557
8310390453,3.2618828,2.0473075,3.2419755,2.3088658,2.8445082
8310455972,2.5480394,3.4459705,4.028961,2.9119868,2.3713934
8310468452,3.5307343,3.990851,2.1471581,2.3384542,3.3422987
8310468763,4.263539,1.4600401,3.9222994,2.070801,2.8794224
8310468842,2.6868289,2.7631445,3.4717321,3.7394388,1.7034521
8310471903,2.4274385,2.751974,2.6337297,2.7004237,3.169807
8310482093,3.5663707,4.1328826,1.3013041,2.0935397,2.685888
8310485463,2.5349846,2.7088838,3.140077,3.210804,3.0240264
8310514913,2.5405226,2.2461672,1.5066462,3.585337,2.3215208
8310540592,1.8856478,2.5975616,1.3575076,3.3363378,3.4157267
8310546912,2.150967,1.9784368,1.7915359,3.0787592,1.5188196
8310600662,3.4172187,4.679086,3.2455156,2.4619436,2.7142806
8310680303,5.3045216,1.0942633,3.4633827,1.5118333,1.2781669
8310703683,1.5278488,2.8987765,2.4427626,3.2403405,2.544719
8310779653,1.7770314,2.6643555,1.4084474,1.3071713,2.062249
8310799112,1.7121346,0.64840966,2.0380666,3.5254273,1.4378928
8311038982,1.4445156,1.7048521,1.4441346,1.2936357,1.2868286
8311063983,1.0462857,1.0769025,1.4042959,1.0749915,1.3135071
8311254943,2.43742,1.0152652,1.2202368,1.2327175,1.7487385
8311308553,1.1534609,1.0240519,1.1693552,1.2962637,1.29211
8311323462,0.2218396,0.3475933,0.48771548,0.512143,0.44073308
8311323502,0.5027232,0.76465815,0.95403713,1.3901235,0.46083197
8311340222,0.63642377,1.9129092,0.5582122,0.76953506,1.0862784
8311361722,1.1790442,1.3575058,1.4575018,1.5041132,0.85878545
8311478853,1.0296749,1.1674024,1.0365962,1.1133957,0.7874551
8311480183,0.48249042,1.3463192,1.475854,1.8321966,1.042278
8311518752,0.46037012,1.1537342,0.77459574,0.91657466,1.2847873
8311553132,1.3916714,0.7568258,0.8218957,1.595568,1.0457567
8311635142,1.802041,0.94567364,1.109661,0.34579122,0.8752567
8311694902,0.54339135,0.5876875,0.9394493,1.6240358,0.81077415
8311709762,0.5273869,0.44887036,0.8671716,0.6053555,0.62748
8311732202,0.46808553,0.99809563,0.85834223,1.3945229,0.5851789
8311779722,0.75768197,1.2918932,1.0904564,1.2697568,0.27160856
8311782482,0.70092654,1.329536,0.8616598,1.1426134,0.5686057
8311787302,1.2300155,1.5601219,0.9510415,0.30731127,0.96926314
8311788542,1.2613804,0.24907415,0.4453346,1.1407021,0.7192194
8311788572,0.5870273,0.9790008,0.81161,0.9136558,1.4734076
8311790762,0.76500773,0.5420464,0.77158934,1.1713624,0.73963165
8311790772,0.40595224,1.1335051,0.3367979,1.5666078,1.0122447
8311800792,0.19973868,0.25137803,0.24788332,0.35360852,0.24402189
8311800842,0.15521199,0.29187596,0.21561149,0.27938935,0.20106228
8311813012,0.65854937,0.45364192,0.5501833,0.78422827,0.72731054
8311813023,0.24474125,0.71344846,0.5567003,0.4185533,0.48285973
8311857383,0.05122464,0.050187558,0.04612733,0.038764913,0.03687606
8311879023,0.075780846,0.11316822,0.07520045,0.0967755,0.0977761
8311880712,1.0547394,0.90735924,0.83438027,0.9494579,0.7311759
8311951762,1.5942819,1.9379084,2.478583,1.7810438,2.0872738
8312036722,2.764247,2.8602502,2.5984838,2.3377662,2.7406464
8312069312,3.313299,3.7444253,2.8433356,2.7811298,2.2933433
8312073183,4.0888968,3.8229613,3.8861427,3.9128866,3.942967
8312081392,3.3890717,4.079615,4.2410192,4.09661,3.8767533
8312081722,3.5470815,3.151609,3.10486,2.614043,2.6888156
8312081772,3.9154036,2.1682153,4.0780196,2.498171,2.4353094
8312155852,1.7539846,2.2707124,1.4740034,1.5959442,1.6750898
8312195982,1.5996677,1.721396,1.7035164,1.7155282,1.3493218
8312275432,0.3863211,1.2461411,0.4435612,0.9593789,0.8590591
8312299232,0.40666413,0.81175673,0.19006547,0.526531,0.89404726
8312326212,0.017976997,0.02547442,0.008813465,0.0065418705,0.033188306
8312409062,0.17931877,0.33456615,0.1158165,0.10169226,0.41865188
8312436402,0.26215154,0.21402617,0.09616349,0.25813052,0.095698774
8312688822,0.017299995,0.06749625,0.07181329,0.006118104,0.054528546
8312710922,0.072310574,0.14322649,0.054787416,0.15943538,0.17468193
8312952332,0.7851755,0.33699688,0.14163864,0.16775101,0.13801676
8312952342,0.032995645,0.055711858,0.04959128,0.039754294,0.085993
8312952382,0.019293062,0.019926593,0.014586678,0.039127655,0.02215133
8312986912,0.062541045,0.10373215,0.09403281,0.06654925,0.09615056
8312986972,0.18917894,0.40474033,0.19690567,0.30649918,0.24902079
8312987012,0.095847555,0.10047565,0.1613322,0.5865454,0.098767444
8312987022,0.35696867,0.26403776,0.40477198,0.1751581,0.261894
8313031472,1.160876,0.8871742,1.7351272,1.3973778,0.81307447
8313106042,0.5762756,0.8002793,0.74240905,0.49509075,0.48048374
8313222092,0.34201935,0.4174394,0.42137557,0.3108968,0.36740765
8313272602,0.79135257,2.6310163,2.0340073,1.641354,1.9861888
8313280372,0.28176406,0.3213026,0.9149351,0.4135689,0.50635874
8313280382,0.36168125,0.31879795,0.5074146,0.37401462,0.28021973
8313438792,1.0133283,1.2199552,1.7187473,2.3237557,1.7394199
8313440002,1.067902,1.7162489,1.5443277,2.5442228,1.705577
8313541102,0.7911496,0.3549521,0.43970206,0.7598357,0.7026121
8313715873,1.0979903,2.3807611,1.9810096,1.4548552,1.7109398
8313769523,0.7375171,1.4662884,1.4035208,2.5883136,1.6772227
8313769583,0.0028311203,0.0039042158,0.007670745,0.07558709,0.002098442
8313842752,0.0026791927,0.005237879,0.00021063638,0.0011389026,0.105951235
8320003122,3.154231,3.2299917,3.795408,2.7276325,2.519954
8320009002,3.251144,2.125732,2.7151394,2.733802,2.7712164
8320011162,4.717931,2.7006679,1.4520848,2.7135327,3.425261
8320013812,3.4964416,2.7133646,3.0588512,2.651505,3.2220483
8320016632,2.0513961,3.6902487,2.893467,3.313429,2.656621
8320018702,1.7988065,2.4755378,3.780254,3.1821125,3.2233021
8320019052,1.6335992,2.9780538,4.2622585,2.577957,3.385279
8320019142,1.8862834,3.1172428,2.8208709,3.0678103,3.1367874
8320022322,2.8210678,3.5150685,2.4363635,2.4957485,2.7493715
8320022672,2.1463485,2.5619764,3.162101,3.0097957,2.5933013
8320035602,2.8658075,1.8246721,2.6475372,3.1377468,2.958408
8320047892,2.6725364,2.5153432,3.2532365,2.8207943,2.5530999
8320053802,2.923742,1.6393822,3.7489598,1.794782,2.714835
8320059072,2.5291636,2.046107,2.8022344,2.8037696,2.3871312
8320059272,1.5490301,2.4429297,2.4527042,3.8418427,3.0298433
8320062912,2.9132261,3.62494,2.058193,2.871129,2.1696043
8320068822,3.5390027,2.3846738,2.453641,2.3153222,2.6090875
8320070052,3.6859095,3.230815,1.5260977,2.0542557,2.9027705
8320074702,3.3674693,1.6326894,1.650972,3.8090403,2.3810887
8320077812,2.1545365,3.395968,3.0708663,3.4282908,1.2710053
8320099392,1.9880359,3.0812051,2.5377755,2.572746,2.7908907
8320101182,1.8505145,3.052963,3.5882456,1.9909978,2.199191
8320112142,2.152338,2.620813,3.2650628,2.5350559,2.0091856
8320124992,2.9719841,1.6509577,2.6763854,1.540448,3.5755033
8320125402,2.8203619,2.790421,1.7753373,2.877474,2.1262448
8320170352,1.148127,1.8696305,2.8082504,2.5925045,4.7926292
8320170602,2.6705241,2.484639,2.248064,2.5760188,1.6021316
8320207922,3.2797408,2.9529676,1.0072188,3.5601385,2.0136738
8320208172,2.3059738,1.4939132,2.8862605,3.3676112,2.5749345
8320208182,3.7590106,2.3276484,1.8247194,1.9083678,2.7008965
8320222442,2.1814504,2.4171321,2.283421,2.8570726,2.7502582
8320248412,1.712894,3.586214,2.501336,2.8637218,2.85402
8320248502,2.5531518,1.8702971,2.1798291,2.4311876,2.0644171
8320259682,1.5681865,2.8550367,2.7344158,2.323916,2.3376775
8320278582,1.720203,2.2546096,3.0667362,2.3207538,3.2159274
8320292252,2.7299418,2.578993,1.3505821,3.6710286,2.748431
8320306832,1.2717845,3.163051,1.9184008,2.85891,2.6031172
8320311912,1.6855006,2.2175837,2.2617993,1.6913269,2.9219196
8320333882,1.6550692,2.9249246,2.495314,2.4976952,2.4827096
8320334132,2.7847528,3.0492795,2.827968,2.2074566,1.158103
8320338732,2.1263008,1.6982576,1.9758103,2.3188677,2.635117
8320338802,2.7531357,2.598024,2.2278728,2.5060902,1.8917923
8320338812,0.7693296,2.307936,2.982366,1.263093,3.1601539
8320358072,0.8369729,2.3613272,2.044823,2.5512202,2.4880621
8320373932,2.4347534,2.3177598,3.2613282,3.0113773,2.102827
8320382472,3.3841991,2.702759,1.6710293,3.2079709,2.0617945
8320382662,2.5347526,2.6117163,2.6955009,2.735619,2.13545
8320383692,1.9630569,3.0511947,3.2248228,3.2748702,2.1306777
8320395732,3.8320193,2.9318795,1.6867505,2.6819744,2.2275512
8320401662,1.9848324,2.3631527,3.0103052,2.3734286,2.6122944
8320420932,2.0898807,2.70041,2.404683,3.3368468,1.6555067
8320421632,3.0028007,2.523938,2.2597573,3.2612026,2.1024938
8320421802,2.695238,1.9841094,2.65703,3.434016,1.6534957
8320422212,1.7777267,3.4836345,3.674994,1.8406864,2.3674724
8320425092,3.160678,2.4026654,2.4869447,1.6045063,2.8247204
8320428812,2.0588977,1.9844613,1.478728,2.510745,4.3548117
8320436442,1.3318197,2.482033,0.7600598,3.923424,4.2948804
8320442852,2.2563941,2.1773453,2.7993774,2.8814478,2.2917423
8320442882,3.2377787,1.3892602,2.0038297,2.5237532,2.6372457
8320442902,1.8590239,2.2770941,1.8064972,2.1776352,3.2697825
8320486272,3.0139422,2.1020057,2.367712,2.655514,2.2676613
8320490102,1.6246374,3.1195662,1.9608457,1.9681273,1.8888586
8320510052,2.18959,2.1918933,3.574599,1.72827,0.9078751
8320526952,1.5415207,2.0225837,2.58476,2.1177409,1.8090848
8320526963,1.0493299,2.0511959,1.5560312,1.7126548,1.2311604
8320542382,2.373187,2.0912306,0.85202384,1.9967278,2.5364208
8320545032,2.6748266,2.6385455,2.2158418,3.149002,2.1152759
8320567282,1.59593,3.339265,3.0897436,2.721283,1.8201679
8320567292,2.2719133,2.895604,2.1086993,2.6828833,2.6995187
8320590542,2.1925957,2.2069643,3.3820798,1.9323517,2.2282221
8320641662,2.1720724,2.1903741,1.7188051,2.312266,1.9932953
8320641673,2.0416808,2.1446016,1.982341,1.8158144,1.9869907
8320641683,0.8723923,2.463966,2.9950023,1.9466562,1.9395535
8320674382,2.5381975,2.509821,2.2767997,2.0931478,1.0673872
8320694352,0.89859426,1.9929898,1.9900391,2.4059372,2.9881716
8320696062,1.5307502,1.8100003,2.2223709,2.329415,1.7482646
8320706192,2.6489284,2.0138135,2.157148,1.2793318,2.296108
8320714842,1.6883619,1.6137793,1.8803377,2.465529,1.578917
8320733052,3.334736,1.9616597,1.3578367,0.74515706,2.2101765
8320769152,2.5022652,2.2557993,1.5241541,1.8218342,1.0156424
8320784523,1.1036175,1.8480651,1.9409709,1.8387812,1.4391487
8320825093,1.298367,1.0626403,1.0887469,0.9120548,0.97309244
8320875292,2.0481153,1.2190692,1.1541127,2.6071358,2.0258307
8320915313,0.8712644,0.7917339,1.0874761,1.8091016,1.8019364
8320926272,0.760618,1.808552,1.2664506,2.1775737,1.3120116
8320946552,2.3685117,1.4138005,2.5553527,2.9169655,2.3336945
8320956722,1.4670842,2.5227406,2.1599104,1.9362395,2.0597875
8320966172,1.992532,2.0135214,2.2155354,2.5903344,2.394432
8320980082,2.0253558,2.5662804,1.7094673,2.4123266,2.7893245
8320980962,2.2730715,2.516384,1.9015818,2.4386888,2.0674326
8321008622,2.0112925,1.0656658,1.8955888,2.6487474,3.1266937
8321011862,1.6572084,2.0783217,1.7806276,2.1309934,2.5905464
8321028492,2.8202765,2.056158,0.84114033,2.426458,2.1620736
8321038642,1.9591569,1.6979277,1.9152374,2.6084356,1.5526495
8321045172,1.7200594,1.6601565,1.9623618,2.5676591,1.9304589
8321045782,1.5892118,2.769345,2.0426092,2.7754931,1.5846806
8321055572,1.8971467,1.4961013,2.5221848,1.9639637,2.811981
8321150182,1.6580172,2.284557,2.082107,1.5527301,2.6127133
8321150242,2.1104546,2.2887247,2.2724817,0.8324963,3.186627
8321171522,2.6336339,3.3034167,1.5288929,2.8526573,0.72037697
8321172192,1.7467031,2.7967,1.9032533,2.4140074,1.0930662
8321172212,2.1105428,1.8863903,1.7822988,2.2381809,1.9042356
8321194782,1.8497374,2.5778098,1.3449777,2.3516033,0.8444485
8321196832,1.3185633,1.701041,2.5937552,2.1412542,2.134297
8321224782,1.7806662,1.3386918,0.9830589,3.156524,2.2368853
8321235692,3.0861883,1.8619978,1.8512663,1.3030522,1.8540893
8321270513,1.059606,0.7432848,1.2799407,1.043391,1.5010401
8321317263,0.79713947,0.40204903,0.41746217,0.9499287,0.4239003
8321337452,2.171879,1.4181901,1.7838784,1.6494255,0.8290771
8321356942,1.2174569,1.7101471,1.2718043,1.7604144,1.3399113
8321357012,1.8836802,1.238294,1.5000653,1.287735,1.297526
8321378063,1.2787428,1.2130708,0.9331463,1.6240457,1.4191098
8321390623,1.2268028,1.2227386,1.0986748,1.3155322,1.5603733
8321390642,1.0212674,1.2596787,1.1018331,1.7130556,2.0534847
8321413642,1.4384787,0.7523756,0.8391663,1.3032708,0.7266538
8321436662,0.820936,0.9168801,1.0117252,1.1658243,1.4841835
8321452203,0.74886477,0.51838666,0.6088348,0.4368757,0.74241346
8321474393,0.2846646,0.3446354,1.2158448,0.8572505,1.1459359
8321519282,0.38413423,0.5578145,0.69556147,0.78903884,0.7122421
8321598633,0.42966437,0.32565674,0.1972714,0.37361616,0.33912876
8321609762,0.3154558,0.32659036,0.67286146,0.33246857,0.59738386
8321626562,0.22510472,0.22416149,0.18066204,0.41594845,0.4516023
8321642692,0.14120555,0.31355673,0.15154189,0.26131567,0.31488478
8321665012,1.6474894,1.9680389,1.1924719,2.8245192,1.5632837
8321665192,1.3788098,1.3866915,2.418782,2.072762,2.3637831
8321686192,1.1464769,1.9977121,1.7140201,1.8498318,2.1162179
8321686642,1.786349,2.3973405,1.4739711,1.8678648,1.5115999
8321695372,1.186013,1.6730795,2.0114071,2.186145,2.3041823
8321747472,2.3429542,1.2769737,1.7128819,1.2090341,1.9011885
8321800842,1.6791023,1.8626624,1.1316727,2.1916614,2.533911
8321800953,2.3701327,2.7087328,1.3731098,1.8977184,1.0798271
8321850633,1.0920794,1.3650112,1.2745445,1.4580754,2.1953187
8321909732,2.5097067,0.59070146,2.8104274,2.2540584,1.388248
8321910073,0.6305903,1.0466505,1.0866194,1.0356362,1.2772319
8321910083,1.5085489,1.0384461,0.9466636,1.603749,0.5052841
8321933363,0.31209466,0.70778036,0.5594932,0.80734503,1.9900583
8321933403,0.5320456,0.51644135,0.62913066,0.41906023,0.6505574
8321951673,0.38622996,0.79251593,1.7022598,1.619702,1.2398686
8321996672,0.91411734,0.97687346,1.2732197,0.9362339,0.7124857
8321997042,0.64568806,1.2854276,0.94224584,1.1229764,1.1137402
8322004812,0.5167689,0.8648134,1.0815865,1.1561282,0.834914
8322042822,0.49368548,0.26908353,0.49908268,0.434931,0.43938312
8322061032,0.30463156,0.959385,1.1234426,0.8851036,0.77559906
8322077072,0.68481636,0.62192297,0.61304307,0.37094146,0.895377
8322077143,0.6169121,0.89055276,0.6036955,0.792296,1.1921096
8322089983,0.9660705,0.55600965,0.93399584,1.2990695,1.29035
8322101052,0.9049505,0.74052054,0.76432776,0.5992844,1.5797801
8322101153,1.0065386,1.6495655,1.1696136,1.3319938,2.1777697
8322101183,0.55610794,0.6254797,0.7511819,0.73161536,0.95942634
8322101343,0.63810563,1.6155603,1.036403,0.9006903,0.56927025
8322112712,0.34802318,0.77717406,1.3644465,1.1219604,1.9824089
8322125822,1.0228748,0.8577217,1.5551672,0.6132185,0.5733866
8322167053,0.72434086,0.47836998,1.116665,0.9615585,1.1407168
8322167212,0.39002037,0.4989413,0.5443711,0.36465412,0.3398513
8322168752,0.86381805,0.88840926,1.4739424,0.80958056,0.92151
8322168793,0.6279738,0.61754024,0.6121644,0.51475847,0.5981321
8322176072,0.3296232,0.60245746,0.3347158,0.40699214,0.438171
8322179922,0.48459876,0.5311629,0.39316118,0.42398107,0.64416575
8322197542,0.3872819,0.39696658,0.52555007,1.1627449,0.12498215
8322203322,1.203315,1.2959427,1.2598312,2.1202705,0.85226727
8322234292,1.0623176,0.8407303,1.0464832,1.628852,0.41747245
8322262862,0.7873057,1.0289832,0.76566505,0.6874814,1.3847299
8322281612,0.6848988,0.78458315,0.6896699,1.3308073,1.1278886
8322282092,0.791211,0.7589294,1.1532274,1.2344449,0.9406537
8322283722,0.68704146,0.3997711,0.834752,0.545117,0.5972952
8322285102,0.44614932,0.81151736,1.0280751,1.4118112,1.2527679
8322296522,0.6204951,1.0106409,0.37765408,0.25347516,0.9350396
8322324952,0.23469785,0.3643626,0.4996707,0.38362592,0.37840334
8322324962,0.7045167,0.15313567,0.53765357,0.7652035,0.63192374
8322340032,0.30048138,0.6929483,0.46594453,0.5637856,0.34063032
8322345192,0.5236532,0.22710125,0.49670136,0.56501037,0.29562244
8322349092,0.2277048,0.35474303,0.37303346,0.3096779,0.26688096
8322360172,0.5042991,0.7369759,0.7001504,0.94405746,0.51634955
8322403452,0.5800431,0.68823886,0.49961632,1.048595,0.6641927
8322462643,0.051424496,0.09964661,0.11206916,0.17036971,0.2223658
8322493182,0.31696385,0.8449754,0.69096744,0.41835144,0.3376863
8322502832,0.060671262,0.14302808,0.109442696,0.15720129,0.18160239
8322524102,0.39412156,0.8098115,0.56299716,0.7658313,0.28300115
8322542972,0.41801858,0.77076703,0.30168667,0.3879001,0.5419716
8322572262,0.8736324,0.731881,1.1992822,0.4999473,0.44645205
8322636552,0.31079042,0.3580308,0.35108888,0.50510293,0.46498114
8322665922,0.30869675,0.30957562,0.20503837,0.34583268,0.026108855
8322683442,0.65826344,0.91007894,0.70601255,0.47387135,0.66355616
8322756622,0.30611145,0.14405154,0.15336499,0.52738,0.21512808
8322818522,0.1090625,0.115452856,0.07698403,0.08157168,0.06744419
8322873252,0.6253958,0.4225101,0.39078707,0.76313055,0.82590485
8322897572,0.74645054,0.3142713,0.5597101,0.7138603,0.36476088
8322986262,0.3542422,0.3460582,0.6238441,0.41410688,0.59288156
8323018393,0.5220249,0.33364064,0.40202203,0.39552084,0.29729408
8323018462,0.18807507,0.24020325,0.2941286,0.1219803,0.18086958
8323106553,0.9572132,1.0275021,0.6504079,0.9921224,1.3667159
8323189943,1.1326736,1.0553076,1.0969684,1.6921229,1.4519978
8323268673,0.1422457,0.29655355,0.24521501,0.39340562,0.1908044
8323277872,1.9728601,3.2410529,2.594714,2.1486852,2.3843067
8323517712,2.5643115,0.91779995,2.6904418,2.4987302,1.3268814
8323534452,3.5002322,2.5004003,1.8014555,2.2748375,2.4891741
8330172662,0.1862551,0.1654017,0.15036893,0.21872997,0.2840464
8330179182,0.46108255,0.94390905,0.36962286,0.63156986,0.6776948
8410162922,0.6739181,0.36793438,0.9194552,0.56639147,0.6723985
8410162943,0.36800033,0.61919016,0.53521115,0.3141314,0.62351626
8420044462,0.7446257,0.56172025,0.7533368,0.5548505,0.6653194
8420160072,1.430788,2.007276,1.8781521,2.2627451,2.2130613
8420160082,0.8345746,1.5110193,2.6932795,2.2274535,1.6367917
8420177943,1.4473495,0.94338274,1.9901515,1.0111462,1.8580949
8420201082,0.3707257,0.3801127,0.2468178,0.375718,0.15220715
8420208562,1.0845716,1.8703878,1.5238676,1.0015463,1.7981151
8420221002,1.8608469,1.5919229,1.7323275,1.7773134,1.2135059
8420221053,0.14701813,0.65628475,0.23291238,0.2235713,0.3884837
8420316273,1.1354837,1.8257517,2.6514156,1.2790456,1.4827322
8420316322,1.7038977,0.60804355,2.015003,1.086862,1.1780908
8420363292,1.0405749,2.0511436,1.0789455,1.2603463,1.5997335
8420385742,1.1193495,1.2642908,2.107417,0.8360631,0.9467483
8420396972,1.2418282,1.4044973,1.1053603,1.0553219,0.91463757
8420401502,0.6966589,1.2418904,1.598625,1.4000137,0.7872573
8420401522,1.0301789,0.2944771,0.5799002,1.4595474,0.7842153
8420413292,0.74832374,1.3801465,0.785475,1.077338,0.95652276
8420413302,0.9902305,1.30008,0.4813086,1.0886046,0.36887294
8420431492,0.44313943,0.7716731,0.47738564,0.35227743,0.43788618
8420431632,1.3781193,0.8224249,2.0011559,0.95127076,1.0479193
8420431682,1.0162623,0.578761,0.6050681,1.2716085,1.0114307
8420449912,0.42125008,0.7374208,0.56570596,0.9333638,1.1509293
8420466462,0.902715,2.1686468,2.347698,2.0683982,1.8009238
8420502442,0.39847824,0.35921514,0.6048658,1.3361692,0.57030606
8420502462,0.6155199,0.8323246,0.87608826,1.0682734,0.80372727
8420502502,1.4193113,1.0112361,0.6103124,0.91362166,1.0715688
8420522983,0.6322721,0.5701371,0.5270386,0.6172401,0.6227349
8420523012,0.8831244,0.72176456,0.672045,1.3814662,0.66727746
8420589272,1.5547084,0.88399816,1.0759354,0.7871822,0.9605956
8420634252,0.399036,1.0568551,1.0526305,0.6571089,0.7668878
8420635742,0.5599522,0.38108894,0.29132488,0.36609852,0.42919978
8420656712,0.509511,0.456386,0.81943333,0.6678554,0.6485365
8420725752,0.41726542,0.47612834,0.24614057,0.6394336,0.41946214
8420725813,0.22600813,0.3762917,0.33969346,0.3385558,0.34423885
8420725823,0.51190114,0.6014442,0.5697317,0.5600982,0.72890836
8420749233,1.0375489,1.4718394,1.9192439,1.7201062,1.5324681
8420881542,0.5847102,1.1723022,0.64899814,0.8400337,1.6335431
8420882863,0.5405776,0.7700231,0.53012663,0.8171356,0.21827899
8420882992,1.1717017,0.6966042,0.8195986,1.8219973,0.89288265
8420894222,0.36475313,0.6301975,0.39129406,0.28976843,0.67141277
8420901382,0.66521525,0.4611717,0.11365313,0.8852821,0.5168448
8420939312,1.2578053,1.057776,0.70985734,1.690034,0.2211517
8420956312,0.8325977,0.4644227,0.6895341,0.57534814,0.55223465
8420956503,0.41593432,0.63292587,0.48047173,0.69817805,0.46871275
8420956533,0.8012563,0.3821543,0.7257995,0.8394535,0.37521198
8420956553,0.36514208,0.30504292,0.4583933,0.24622102,0.60606617
8420956583,0.10834357,0.30166978,0.2904878,0.39354658,0.14802618
8421007022,0.16576228,0.43760687,0.4031539,0.18859869,0.2520155
8421027082,0.6904502,0.92554545,0.45640823,1.044112,0.8808371
8421050842,0.95124924,0.5807996,0.43680784,1.5661193,0.9177591
8421075722,0.07521999,0.074360564,0.04177659,0.079216965,0.10552729
8421075873,0.079426944,0.08010263,0.04508885,0.08265775,0.0424606
8421128402,1.0031095,1.2040352,0.840852,0.6602446,0.5193604
8421128422,0.15479805,0.52005285,0.454778,0.69375974,0.8660788
8421128852,0.17420211,0.23531522,0.2848075,0.1985894,0.13089603
8421148993,0.30737868,0.456241,0.48765457,0.50466686,0.330943
8421214832,0.013778052,0.034179863,0.0045034,0.018314553,0.061286133
8421231692,0.37871343,0.2815479,0.57814586,0.33268133,0.47687045
8421265502,0.05516576,0.09947344,0.047382865,0.050091155,0.04979501
8421288422,0.006039192,0.007212828,0.0062144147,0.0042835856,0.005936957
8421363352,0.8170463,0.5447463,0.5032077,0.84056604,0.6211736
8421370703,0.52505183,0.37692782,0.9461104,0.6581977,0.46569026
8421370752,0.73339885,1.05683,0.68086493,1.0721457,0.37257016
8421395462,0.6159653,0.13157392,0.66935045,0.7620551,0.2811727
8421401833,0.8669883,0.54673266,0.4412708,0.4647724,0.54681146
8421401842,0.29033548,0.7717282,0.31166115,0.8698265,0.9609381
8421401862,0.522833,0.99298656,0.4860456,0.6803041,0.616916
8421401932,0.27684724,0.5926309,0.64293456,0.7936084,0.70377916
8421401973,0.37362522,0.2366361,0.57364076,0.49998245,0.63619125
8421500643,0.3719063,0.3678698,1.3186299,0.58842134,1.0860192
8421500723,0.68061745,1.1368417,0.5037194,0.6050086,0.85561574
8421521092,0.5837076,1.4365158,0.57895374,0.3645426,0.3915982
8421540412,0.124962196,0.39136204,0.35189396,0.27044046,0.23749201
8421598193,0.8854067,0.09930836,0.9033494,0.6912678,0.2869058
8430112922,0.40983078,0.25485572,0.550492,0.34535584,0.35441875
8430112972,0.16781504,0.5376124,0.44102114,0.4712181,0.35887542
8430145182,0.07474651,0.099813305,0.106851645,0.109300666,0.10362482
8440015622,0.016804652,0.0435553,0.02327365,0.049214292,0.091087334
8510023132,3.334007,2.924285,2.9324205,6.4318256,3.6287026
8510053202,0.13056964,0.1015143,0.15647148,0.3229721,0.41265017
8510093812,0.9289171,0.77383715,1.5144295,0.6251293,0.39757165
8510109002,0.14746748,0.6500701,0.67362565,0.48624477,0.32770547
8510231912,0.6514685,0.8514967,1.1358836,1.4825759,0.8564671
8510312643,0.24232633,0.1494939,0.41460007,0.07088774,0.22508161
8510335602,3.783242,4.811131,4.0481567,2.909483,3.5737295
8510335612,3.0228481,4.0367985,4.302979,3.4162283,3.1773758
8520044762,0.011140995,0.03343139,0.021823572,0.00998384,0.008652244
8520211222,0.13533926,0.24388596,0.21448137,0.17776448,0.19280416
8520211272,0.1085545,0.16651763,0.050159764,0.14387393,0.10669051
8520217902,0.5003089,0.27273172,0.21485837,0.16205147,0.07637961
8520237282,0.2734747,0.28017017,0.09779209,0.38665962,0.16160439
8520240722,0.46182212,0.7315999,0.784389,0.6082365,0.70356333
8520335733,0.63984597,0.63942134,0.9986851,1.0179096,1.0351303
8520608972,0.96856236,0.4682731,0.7858256,0.99191964,0.5502944
8520638062,0.70112354,0.74200666,0.85547173,0.74222505,0.8368823
8520750352,0.19101727,0.23204836,0.23284279,0.26690048,0.23526543
8520805632,0.56987137,0.642707,1.0579188,0.5205153,0.82165456
8520896873,2.8627791,3.5034165,4.200802,3.205087,4.3612638
8521046222,0.98607755,0.9894309,1.1387469,1.1748519,0.680446
8521046232,0.016256088,0.006307137,0.016945275,0.01290664,0.06766854
8521137843,3.3746624,4.3055143,4.1158686,4.3928504,4.5201406
8521186533,4.453849,2.8345282,2.9862566,4.1779757,4.193314
8521250202,0.48128736,0.5198245,0.44024852,0.48828727,0.20520398
8521282932,0.14479794,0.043642692,0.15951367,0.32643673,0.2604078
8521283042,0.12493574,0.15990712,0.14495733,0.26324534,0.18885675
8521283082,0.060016852,0.22003143,0.101040915,0.17091335,0.24405956
8521293142,0.40656063,0.5551427,0.51276433,1.1752795,0.798011
8521338773,0.3722409,0.47603968,0.30059993,0.5148963,0.22396782
8521338783,0.72192955,0.6259315,0.8311212,0.8487346,0.4461365
8521398392,1.1576343,0.6458847,0.85868365,0.67983985,0.41902524
8521398442,0.7198465,0.7969394,0.5226138,0.8202491,0.7360549
8521399233,0.8046218,0.7871736,0.6243851,1.2363408,0.7580263
8521590313,0.12728243,0.17704974,0.1715011,1.9304435,0.27484977
8521616512,0.96194696,2.661141,4.361594,4.885506,3.6518831
8521639762,0.57992506,1.2505559,1.0989995,0.42635235,0.82396185
8521639792,0.034755096,0.046949614,0.09747719,0.06372581,0.11358901
8521668632,1.1706896,0.68952453,1.9046506,1.145319,0.9555349
8521733682,0.17702349,0.11641197,0.13020687,0.2454337,0.17193238
8521767612,0.8246681,0.4124091,0.6243234,1.1167128,0.81318694
9110015032,0.080589004,0.10390375,0.11322764,0.17497635,0.21504432
9120059512,0.062012687,0.14728682,0.1054652,0.062432572,0.09458953
9120227412,4.130784,6.720158,6.742052,4.86637,5.219038
